0
0
111
-55 1.13585443595832e-19
-54 -8.66471532214485e-07
-53 1.02177747105825e-05
-52 2.51567574519453e-05
-51 -1.82338044932407e-05
-50 -9.61779154991889e-05
-49 -4.36556044740151e-05
-48 0.000155042766260118
-47 0.000196766981730493
-46 -8.97452524445077e-05
-45 -0.000326178945602242
-44 -0.000105680165143644
-43 0.00026544962156585
-42 0.000221587000258819
-41 -5.19768973380399e-05
-40 3.16470920501383e-19
-39 7.44422889215064e-05
-38 -0.000455492124580316
-37 -0.000786574951948877
-36 0.000454536230460812
-35 0.00205662644869075
-34 0.00084097872763619
-33 -0.00279192559826075
-32 -0.00341703089127187
-31 0.00154825975896244
-30 0.00577378361817633
-29 0.00199921831968958
-28 -0.00570042252491959
-27 -0.00602364006411643
-26 0.0023503463156649
-25 0.00746178527799351
-24 0.00214694203104823
-23 -0.00485382508611299
-22 -0.00368796103998515
-21 0.000794963164035264
-20 -2.24269094751987e-18
-19 -0.000985081536916832
-18 0.00566649375038352
-17 0.00925929196340062
-16 -0.00509497401916388
-15 -0.0220891161634156
-14 -0.00871014419331744
-13 0.0280711832968799
-12 0.0335923619394054
-11 -0.0150008194322757
-10 -0.0556316533562816
-9 -0.019358857803743
-8 0.0561803370182151
-7 0.0613823402631247
-6 -0.025275224377623
-5 -0.0870647985008218
-4 -0.0282952919998925
-3 0.0770071369580263
-2 0.0791526727608284
-1 -0.030733634892398
0 0.9
1 -0.030733634892398
2 0.0791526727608284
3 0.0770071369580263
4 -0.0282952919998925
5 -0.0870647985008218
6 -0.025275224377623
7 0.0613823402631247
8 0.0561803370182151
9 -0.019358857803743
10 -0.0556316533562816
11 -0.0150008194322757
12 0.0335923619394054
13 0.0280711832968799
14 -0.00871014419331744
15 -0.0220891161634156
16 -0.00509497401916388
17 0.00925929196340062
18 0.00566649375038352
19 -0.000985081536916832
20 -2.24269094751987e-18
21 0.000794963164035264
22 -0.00368796103998515
23 -0.00485382508611299
24 0.00214694203104823
25 0.00746178527799351
26 0.0023503463156649
27 -0.00602364006411643
28 -0.00570042252491959
29 0.00199921831968958
30 0.00577378361817633
31 0.00154825975896244
32 -0.00341703089127187
33 -0.00279192559826075
34 0.00084097872763619
35 0.00205662644869075
36 0.000454536230460812
37 -0.000786574951948877
38 -0.000455492124580316
39 7.44422889215064e-05
40 3.16470920501383e-19
41 -5.19768973380399e-05
42 0.000221587000258819
43 0.00026544962156585
44 -0.000105680165143644
45 -0.000326178945602242
46 -8.97452524445077e-05
47 0.000196766981730493
48 0.000155042766260118
49 -4.36556044740151e-05
50 -9.61779154991889e-05
51 -1.82338044932407e-05
52 2.51567574519453e-05
53 1.02177747105825e-05
54 -8.66471532214485e-07
55 1.13585443595832e-19
