0
0
510
-55 -6.13361395417493e-18
-54 4.67894627395763e-05
-53 -0.000506703314696309
-52 -0.00183866736695469
-51 -0.000875252832389877
-50 0.00410752263648065
-49 0.00638063700064283
-48 -0.00147320123972944
-47 -0.0114176175291494
-46 -0.0065373238846432
-45 0.010488520730999
-44 0.0152441429635823
-43 -0.000464371795903014
-42 -0.0133033836795007
-41 -0.00861505355589928
-40 -0.00365297982579876
-39 -0.00412672318957325
-38 0.0162554255809451
-37 0.0468214833137035
-36 0.0145870514977774
-35 -0.0856346910179636
-34 -0.107127498044772
-33 0.051875606067194
-32 0.211118846856498
-31 0.0935843127406524
-30 -0.219637556622368
-29 -0.293499619401571
-28 0.0490342571612881
-27 0.384467778121051
-26 0.237573616444611
-25 -0.223609590732201
-24 -0.410000435758484
-23 -0.12723911752204
-22 0.243728065082737
-21 0.35341714194547
-20 0.21243650479345
-19 -0.107508261663929
-18 -0.529453370279615
-17 -0.601450169495072
-16 0.171051859047003
-15 1.20818305198018
-14 0.965815162195341
-13 -0.893165106277417
-12 -2.18914140071326
-11 -0.673958907782452
-10 2.34359812368076
-9 2.82015069142306
-8 -0.63842458038868
-7 -3.99940823299088
-6 -2.48120401101583
-5 2.7314121190297
-4 5.1058248797999
-3 0.981482180437662
-2 -5.01967164536812
-1 -5.16209739206253
0 -52.5593918758681
1 -45.1169614064692
2 -55.0519147657507
3 -63.353239434041
4 -68.7383690421162
5 -63.4418842123257
6 -46.9108049373624
7 -14.9909617596992
8 -8.97147580513919
9 15.3517136043904
10 21.5113815550021
11 28.2112516004573
12 10.1241028065693
13 23.9045335140183
14 39.1721428747505
15 59.4764792414379
16 39.1507651395856
17 70.9662790512698
18 76.0667110409771
19 101.874992994045
20 82.9806370689012
21 81.4540743242201
22 56.3685898092551
23 9.38836017449422
24 -20.4950391950595
25 -51.2851345811191
26 -56.9791174987407
27 -63.8943472883735
28 -66.6722146023352
29 -62.995951469544
30 -64.4228548888702
31 -70.3502480703967
32 -85.2543654680021
33 -97.1315052965988
34 -95.8753484110457
35 -79.0187529627595
36 -66.5309794715821
37 -103.588424850399
38 -191.119404287719
39 -177.619032448716
40 -47.6289470870252
41 226.2233929008
42 556.732891041418
43 1042.96979043473
44 1211.57302902101
45 1311.7495350495
46 887.911485285645
47 749.166318638444
48 325.262436062644
49 88.8587055362784
50 -29.9258315737872
51 -28.2346464501305
52 -14.6428054101642
53 -24.1642533407376
54 -15.9379899918456
55 -21.6280795523663
56 -16.1168067838142
57 -21.8222075259271
58 -33.8164373999281
59 -31.2337646382323
60 -18.5856585080077
61 -20.0370002429348
62 -16.3799041886713
63 -7.56548755938991
64 4.98838508625866
65 17.8998989765378
66 31.168348759501
67 23.902165600437
68 34.6370249736398
69 49.9572501366017
70 62.5065253194636
71 60.6128295030152
72 76.6235155235349
73 88.4936818041001
74 99.8278078355502
75 105.546720822861
76 115.199746431546
77 143.453839619723
78 158.274613395054
79 176.256969347004
80 190.649362117196
81 210.588332859486
82 224.345164921524
83 254.922071452417
84 278.307991947268
85 315.974905803427
86 350.67206642
87 388.18894334217
88 418.806838688577
89 449.208917445345
90 487.868226142012
91 529.862406804333
92 559.669413319967
93 591.877327538003
94 617.51569638245
95 641.284491813814
96 655.358271636429
97 668.677810316205
98 677.939810460251
99 662.478233334932
100 636.612349900806
101 590.967971743399
102 530.616856129483
103 461.900335907895
104 399.699529319997
105 330.314422359924
106 264.444483983382
107 200.988401150465
108 155.640803227087
109 104.364155061942
110 68.4826588467577
111 38.7758912745056
112 23.874733543325
113 1.24846307427785
114 -9.65185965751008
115 -21.0960536688226
116 -28.0070579128902
117 -32.4483929459704
118 -38.1302696349471
119 -40.5345189371186
120 -33.6878502818953
121 -35.9216293760468
122 -37.7728074713417
123 -40.3358675238928
124 -38.3187096101331
125 -45.4249995750268
126 -37.0503400030535
127 -40.0942983315915
128 -29.3183665144727
129 -29.9411247962288
130 -37.2502219204572
131 -39.3854344247436
132 -44.4960535022534
133 -33.2062345339999
134 -40.4353252250692
135 -30.0224367989255
136 -24.7425095846824
137 -32.9780854577061
138 -34.2080038482241
139 -35.9732576759161
140 -33.6729093580766
141 -30.9110717962237
142 -26.4355609283189
143 -29.4041103896259
144 -32.6998515091432
145 -32.2875473978494
146 -31.8760656633787
147 -40.7497273119791
148 -37.642987302683
149 -37.5964086604802
150 -40.0523236517794
151 -53.8315873192354
152 -43.8657616680194
153 -47.6771288759415
154 -46.5440357794435
155 -48.111024369655
156 -48.9594610451939
157 -40.7825502257339
158 -44.4002969002885
159 -39.499560601987
160 -44.4634031828956
161 -33.2237428134817
162 -45.5087833895122
163 -45.9444223543972
164 -52.5596090908205
165 -46.9837846669599
166 -46.4172455193988
167 -48.0653211645403
168 -46.546132277214
169 -46.8310117196257
170 -48.4998155260951
171 -59.3618971968878
172 -55.5236223297389
173 -51.3755086558577
174 -55.3051146512344
175 -45.8756981148118
176 -53.0524770933637
177 -52.0135753916982
178 -53.4499670876474
179 -65.832962762386
180 -56.0452323758085
181 -60.6353073842121
182 -54.669535895829
183 -53.6698926890024
184 -55.2245529648453
185 -54.016279704293
186 -59.3063076510993
187 -52.5949580443185
188 -59.9143515648461
189 -54.31161354588
190 -53.7799106214615
191 -59.1995962825268
192 -59.9095755263627
193 -62.1824103145088
194 -61.9715920782079
195 -53.1820445848202
196 -65.2893957147433
197 -56.7966834901736
198 -53.6839190014394
199 -61.1487457482813
200 -60.937821246801
201 -60.4738890927686
202 -55.545338713017
203 -65.7276466714355
204 -65.7176619383425
205 -72.6073527883301
206 -72.4982021809434
207 -71.2893263748396
208 -73.6507506530902
209 -62.0236004047695
210 -56.3489240834227
211 -65.0145335904067
212 -71.2518694717181
213 -73.1496601203026
214 -49.9682537224925
215 -30.4089602293379
216 -15.8615864089084
217 8.27621602854044
218 7.9255880953505
219 19.4022446947762
220 5.18409636940116
221 8.47114736535858
222 39.8586267741928
223 52.2709641378952
224 34.1716317368839
225 60.0650658741632
226 75.4637500799193
227 97.0296871807932
228 78.1035946849289
229 65.560926881868
230 61.1789009483306
231 14.0844500844885
232 -24.4388542450172
233 -51.9991670257176
234 -66.021435095456
235 -74.1961327809677
236 -91.5884327232924
237 -85.5086001511547
238 -76.3289167817263
239 -78.942296797731
240 -99.7278859311109
241 -111.813155000336
242 -103.241527331634
243 -82.8531786626717
244 -70.7842757226963
245 -116.834884911871
246 -211.446157649465
247 -199.061353185781
248 -77.3820549899132
249 223.601809755629
250 585.717628400257
251 1102.59564067144
252 1246.86945908183
253 1343.42899522649
254 917.258401912499
255 728.200033974567
256 317.515278679857
257 102.990648357375
258 -24.5491147172154
259 -29.0880754325426
260 -3.93751534347114
261 -23.0846198227805
262 -32.2843062344388
263 -6.47018084558482
264 -21.0656663811602
265 -25.128001646932
266 -29.2688617512923
267 -31.8518658475068
268 -7.55003544488617
269 -3.26193418452963
270 -7.56043526022226
271 12.9723823417632
272 4.17414876971236
273 10.101878458056
274 14.1019810243028
275 18.2744927124654
276 29.9839724108346
277 32.0286756371384
278 49.2798878617526
279 52.3993127661795
280 51.76061407876
281 69.7265434227022
282 79.6061097546559
283 92.1036869192109
284 100.427914322146
285 119.310617469648
286 131.425892920029
287 147.13719037093
288 159.767586463122
289 186.44206320462
290 209.880118226269
291 231.864106990853
292 254.667919114652
293 291.150256392078
294 309.783459062814
295 346.444326759699
296 382.452885509649
297 430.15274490564
298 457.812762929026
299 491.444972065806
300 532.528257404537
301 550.427393434783
302 590.142759225591
303 602.30018215989
304 632.645124379678
305 642.658044786283
306 638.813664740499
307 625.165984022266
308 610.396789886705
309 564.721437802408
310 528.135652472334
311 469.394392142184
312 399.893260647617
313 326.280786156027
314 260.14732903362
315 181.982968841252
316 141.639115804388
317 85.9672324405538
318 56.2122869050421
319 32.339000877964
320 9.20285820509102
321 -13.6900327224261
322 -17.6234295373363
323 -16.677358896661
324 -21.8078544864745
325 -25.4015359167671
326 -34.4195243305043
327 -25.4809321181367
328 -34.4383747257881
329 -47.8544029406524
330 -23.0979334999723
331 -25.0696832243529
332 -39.0410910177135
333 -34.2167753587861
334 -33.3949337640277
335 -34.0841930029429
336 -40.2980418008284
337 -29.022834995681
338 -30.0809196651637
339 -45.5188023759549
340 -48.3089930268996
341 -42.2096638234698
342 -49.719960808073
343 -46.0081208775069
344 -51.7181836827459
345 -50.4484576179698
346 -42.2152527875316
347 -66.7605737677841
348 -30.9690977585832
349 -50.3899335866615
350 -35.1888110805138
351 -53.6032912545224
352 -63.4807057663976
353 -57.9566625815699
354 -59.4541164745855
355 -52.5711337029234
356 -62.2477231562058
357 -49.5373573620692
358 -49.9630706912114
359 -74.4738993178323
360 -60.0096825857319
361 -59.734106565567
362 -54.19792762741
363 -71.9596322844745
364 -66.1232259661734
365 -65.9092130458083
366 -74.7530550692953
367 -64.0327158036901
368 -66.9278008021634
369 -64.5589823926277
370 -81.299697462628
371 -73.3997217669575
372 -84.2807262651788
373 -84.8101529313083
374 -77.2818746803496
375 -69.9325041340472
376 -85.182619024634
377 -76.5345719783565
378 -82.3645800513551
379 -78.5527358769589
380 -77.6877605837807
381 -78.7289724124837
382 -77.1600164598883
383 -87.2167823386197
384 -83.9662028779189
385 -75.7107687896493
386 -81.3105794155305
387 -78.0844352145863
388 -60.2754828092891
389 -78.7233253167159
390 -105.034576364954
391 -86.4784580680708
392 -86.081046191131
393 -88.1509106824869
394 -77.4720007013101
395 -84.2006022426495
396 -89.1730411470644
397 -86.0946915521498
398 -86.9810294806169
399 -74.8970470715468
400 -5.46359981852656
401 -7.36847153655069
402 0.764919937917418
403 7.37913351604165
404 3.68747925917822
405 -4.45627121418579
406 -5.82911124114131
407 0.452567279438314
408 5.10802668242963
409 2.5067815967367
410 -2.60382340308652
411 -3.31430649375345
412 0.0987519412630661
413 2.33241840020186
414 1.14431635228153
415 -0.814989790407909
416 -1.01248210779872
417 -0.116602044659216
418 0.271291737257835
419 0.149592874674773
420 0.223842129354023
421 0.286835560740655
422 -0.141805681680727
423 -0.581623269550963
424 -0.269959417270291
425 0.457282047528996
426 0.574114561312166
427 -0.0667920126601527
428 -0.543713187193328
429 -0.264279971953637
430 0.273275243667611
431 0.347096928955825
432 -0.000955237710940868
433 -0.225815795543804
434 -0.115985094444153
435 0.0651219740148823
436 0.087829040416537
437 0.016652728450165
438 -0.0161484551523139
439 -0.0118255909439749
440 -0.0181648125130116
441 -0.0195628909943462
442 0.00738226656181385
443 0.0300201373252464
444 0.0145043527515394
445 -0.0156456100942995
446 -0.0200815600640916
447 -0.000971154287343209
448 0.0113721615976959
449 0.00637222257775172
450 -0.00176731713714789
451 -0.00288268941290636
452 -0.000724889406575651
453 6.84512510449335e-05
454 -8.97325004407073e-18
