0
0
30
0 0.0
1 0.8660254037844387
2 -0.8660254037844384
3 -2.4492935982947064e-16
4 0.8660254037844392
5 -0.8660254037844378
6 -4.898587196589413e-16
7 0.8660254037844393
8 -0.8660254037844377
9 -7.347880794884119e-16
10 0.8660254037844403
11 -0.8660254037844376
12 -9.797174393178826e-16
13 0.8660254037844386
14 -0.8660254037844375
15 -1.2246467991473533e-15
16 0.8660254037844405
17 -0.8660254037844392
18 -1.4695761589768238e-15
19 0.8660254037844406
20 -0.8660254037844355
21 -1.7145055188062944e-15
22 0.8660254037844407
23 -0.8660254037844354
24 -1.959434878635765e-15
25 0.8660254037844373
26 -0.8660254037844388
27 -2.204364238465236e-15
28 0.8660254037844409
29 -0.8660254037844386
