0
0
1500
0 0
1 0.251162078117254
2 0.501332934257218
3 0.749525258342898
4 0.99475954865942
5 1.23606797749979
6 1.47249821073871
7 1.70311716626029
8 1.92701469640686
9 2.14330717991598
10 2.3511410091699
11 2.54969595899476
12 2.73818842371476
13 2.91587450968564
14 3.08205297110316
15 3.23606797749978
16 3.37731170200806
17 3.50522672017546
18 3.61930820986408
19 3.719105943553
20 3.80422606518062
21 3.87433264451452
22 3.92914900291476
23 3.96845880525792
24 3.99210691371308
25 4
26 3.99210691371308
27 3.96845880525792
28 3.92914900291476
29 3.87433264451452
30 3.80422606518062
31 3.719105943553
32 3.61930820986408
33 3.50522672017546
34 3.37731170200806
35 3.23606797749978
36 3.08205297110316
37 2.91587450968564
38 2.73818842371476
39 2.54969595899476
40 2.3511410091699
41 2.14330717991598
42 1.92701469640686
43 1.70311716626029
44 1.47249821073871
45 1.23606797749979
46 0.99475954865942
47 0.749525258342898
48 0.501332934257216
49 0.251162078117254
50 4.89858719658942e-16
51 -0.251162078117254
52 -0.501332934257218
53 -0.749525258342898
54 -0.994759548659418
55 -1.23606797749979
56 -1.47249821073871
57 -1.70311716626029
58 -1.92701469640686
59 -2.14330717991598
60 -2.3511410091699
61 -2.54969595899476
62 -2.73818842371476
63 -2.91587450968564
64 -3.08205297110316
65 -3.23606797749978
66 -3.37731170200806
67 -3.50522672017546
68 -3.61930820986408
69 -3.719105943553
70 -3.80422606518062
71 -3.87433264451452
72 -3.92914900291476
73 -3.96845880525792
74 -3.99210691371308
75 -4
76 -3.99210691371308
77 -3.96845880525792
78 -3.92914900291476
79 -3.87433264451452
80 -3.80422606518062
81 -3.719105943553
82 -3.61930820986408
83 -3.50522672017546
84 -3.37731170200806
85 -3.2360679774998
86 -3.08205297110316
87 -2.91587450968564
88 -2.73818842371476
89 -2.54969595899476
90 -2.3511410091699
91 -2.14330717991598
92 -1.92701469640686
93 -1.70311716626029
94 -1.47249821073871
95 -1.23606797749979
96 -0.994759548659418
97 -0.749525258342898
98 -0.501332934257218
99 -0.251162078117254
100 -9.79717439317882e-16
101 0.251162078117254
102 0.501332934257216
103 0.7495252583429
104 0.99475954865942
105 1.23606797749979
106 1.47249821073871
107 1.70311716626029
108 1.92701469640686
109 2.14330717991598
110 2.3511410091699
111 2.54969595899476
112 2.73818842371476
113 2.91587450968564
114 3.08205297110316
115 3.23606797749978
116 3.37731170200806
117 3.50522672017546
118 3.61930820986408
119 3.719105943553
120 3.80422606518062
121 3.87433264451452
122 3.92914900291476
123 3.96845880525792
124 3.99210691371308
125 4
126 3.99210691371308
127 3.96845880525792
128 3.92914900291476
129 3.87433264451452
130 3.80422606518062
131 3.719105943553
132 3.61930820986408
133 3.50522672017546
134 3.37731170200806
135 3.2360679774998
136 3.08205297110316
137 2.91587450968564
138 2.73818842371476
139 2.54969595899476
140 2.3511410091699
141 2.14330717991598
142 1.92701469640686
143 1.70311716626029
144 1.47249821073871
145 1.23606797749979
146 0.994759548659422
147 0.749525258342902
148 0.501332934257222
149 0.251162078117254
150 1.46957615897682e-15
151 -0.25116207811725
152 -0.501332934257212
153 -0.749525258342892
154 -0.99475954865942
155 -1.23606797749979
156 -1.47249821073871
157 -1.70311716626029
158 -1.92701469640686
159 -2.14330717991598
160 -2.3511410091699
161 -2.54969595899476
162 -2.73818842371476
163 -2.91587450968564
164 -3.08205297110316
165 -3.23606797749978
166 -3.37731170200806
167 -3.50522672017546
168 -3.61930820986408
169 -3.719105943553
170 -3.80422606518062
171 -3.87433264451452
172 -3.92914900291476
173 -3.96845880525792
174 -3.99210691371308
175 -4
176 -3.99210691371308
177 -3.96845880525792
178 -3.92914900291476
179 -3.87433264451452
180 -3.80422606518062
181 -3.719105943553
182 -3.61930820986408
183 -3.50522672017546
184 -3.37731170200806
185 -3.2360679774998
186 -3.08205297110316
187 -2.91587450968564
188 -2.73818842371476
189 -2.54969595899476
190 -2.3511410091699
191 -2.14330717991598
192 -1.92701469640686
193 -1.70311716626029
194 -1.47249821073871
195 -1.23606797749979
196 -0.994759548659422
197 -0.749525258342896
198 -0.501332934257216
199 -0.251162078117254
200 -1.95943487863577e-15
201 0.251162078117258
202 0.50133293425722
203 0.7495252583429
204 0.994759548659418
205 1.23606797749979
206 1.47249821073872
207 1.70311716626029
208 1.92701469640686
209 2.14330717991598
210 2.3511410091699
211 2.54969595899476
212 2.73818842371476
213 2.91587450968564
214 3.08205297110316
215 3.23606797749978
216 3.37731170200806
217 3.50522672017546
218 3.61930820986408
219 3.719105943553
220 3.80422606518062
221 3.87433264451452
222 3.92914900291476
223 3.96845880525792
224 3.99210691371308
225 4
226 3.99210691371308
227 3.96845880525792
228 3.92914900291476
229 3.87433264451452
230 3.80422606518062
231 3.719105943553
232 3.61930820986408
233 3.50522672017546
234 3.37731170200806
235 3.23606797749978
236 3.08205297110316
237 2.91587450968564
238 2.73818842371476
239 2.54969595899476
240 2.3511410091699
241 2.14330717991598
242 1.92701469640687
243 1.7031171662603
244 1.47249821073871
245 1.23606797749979
246 0.994759548659422
247 0.749525258342904
248 0.501332934257216
249 0.251162078117254
250 2.4492935982947e-15
251 -0.25116207811725
252 -0.501332934257212
253 -0.749525258342898
254 -0.994759548659418
255 -1.23606797749979
256 -1.47249821073871
257 -1.70311716626029
258 -1.92701469640686
259 -2.14330717991598
260 -2.3511410091699
261 -2.54969595899476
262 -2.73818842371476
263 -2.91587450968566
264 -3.08205297110316
265 -3.2360679774998
266 -3.37731170200806
267 -3.50522672017546
268 -3.61930820986408
269 -3.719105943553
270 -3.80422606518062
271 -3.87433264451452
272 -3.92914900291476
273 -3.96845880525792
274 -3.99210691371308
275 -4
276 -3.99210691371308
277 -3.96845880525792
278 -3.92914900291476
279 -3.87433264451452
280 -3.80422606518062
281 -3.719105943553
282 -3.61930820986408
283 -3.50522672017546
284 -3.37731170200806
285 -3.23606797749978
286 -3.08205297110316
287 -2.91587450968564
288 -2.73818842371476
289 -2.54969595899476
290 -2.3511410091699
291 -2.143307179916
292 -1.92701469640687
293 -1.7031171662603
294 -1.47249821073872
295 -1.2360679774998
296 -0.99475954865943
297 -0.749525258342912
298 -0.501332934257218
299 -0.251162078117254
300 -2.93915231795364e-15
301 0.25116207811725
302 0.501332934257212
303 0.749525258342892
304 0.99475954865941
305 1.23606797749978
306 1.4724982107387
307 1.70311716626029
308 1.92701469640686
309 2.14330717991598
310 2.35114100916988
311 2.54969595899476
312 2.73818842371476
313 2.91587450968564
314 3.08205297110316
315 3.2360679774998
316 3.37731170200806
317 3.50522672017546
318 3.61930820986408
319 3.719105943553
320 3.80422606518062
321 3.87433264451452
322 3.92914900291476
323 3.96845880525792
324 3.99210691371308
325 4
326 3.99210691371308
327 3.96845880525792
328 3.92914900291476
329 3.87433264451452
330 3.80422606518062
331 3.719105943553
332 3.61930820986408
333 3.50522672017546
334 3.37731170200806
335 3.23606797749978
336 3.08205297110316
337 2.91587450968564
338 2.73818842371476
339 2.54969595899476
340 2.3511410091699
341 2.14330717991598
342 1.92701469640685
343 1.70311716626028
344 1.47249821073871
345 1.23606797749979
346 0.994759548659416
347 0.749525258342898
348 0.501332934257218
349 0.251162078117256
350 -1.07818436775894e-14
351 -0.251162078117262
352 -0.50133293425721
353 -0.74952525834289
354 -0.99475954865941
355 -1.23606797749978
356 -1.4724982107387
357 -1.70311716626028
358 -1.92701469640686
359 -2.14330717991598
360 -2.35114100916988
361 -2.54969595899476
362 -2.73818842371476
363 -2.91587450968564
364 -3.08205297110316
365 -3.23606797749978
366 -3.37731170200806
367 -3.50522672017546
368 -3.61930820986408
369 -3.719105943553
370 -3.80422606518062
371 -3.87433264451452
372 -3.92914900291476
373 -3.96845880525792
374 -3.99210691371308
375 -4
376 -3.99210691371308
377 -3.96845880525792
378 -3.92914900291476
379 -3.87433264451452
380 -3.80422606518062
381 -3.719105943553
382 -3.61930820986408
383 -3.50522672017546
384 -3.37731170200806
385 -3.23606797749978
386 -3.08205297110316
387 -2.91587450968564
388 -2.73818842371476
389 -2.54969595899476
390 -2.3511410091699
391 -2.143307179916
392 -1.92701469640687
393 -1.70311716626029
394 -1.47249821073871
395 -1.23606797749979
396 -0.994759548659418
397 -0.749525258342898
398 -0.501332934257218
399 -0.251162078117256
400 -3.91886975727154e-15
401 0.251162078117262
402 0.501332934257224
403 0.749525258342904
404 0.994759548659424
405 1.23606797749979
406 1.47249821073871
407 1.70311716626029
408 1.92701469640686
409 2.14330717991598
410 2.3511410091699
411 2.54969595899476
412 2.73818842371476
413 2.91587450968566
414 3.08205297110316
415 3.2360679774998
416 3.37731170200806
417 3.50522672017544
418 3.61930820986408
419 3.719105943553
420 3.80422606518062
421 3.87433264451452
422 3.92914900291476
423 3.96845880525792
424 3.99210691371308
425 4
426 3.99210691371308
427 3.96845880525792
428 3.92914900291476
429 3.87433264451452
430 3.80422606518062
431 3.719105943553
432 3.61930820986408
433 3.50522672017546
434 3.37731170200806
435 3.2360679774998
436 3.08205297110316
437 2.91587450968564
438 2.73818842371476
439 2.54969595899476
440 2.3511410091699
441 2.143307179916
442 1.92701469640687
443 1.7031171662603
444 1.47249821073871
445 1.23606797749979
446 0.994759548659418
447 0.749525258342898
448 0.501332934257218
449 0.251162078117256
450 4.40872847693048e-15
451 -0.251162078117248
452 -0.50133293425721
453 -0.749525258342904
454 -0.994759548659424
455 -1.23606797749979
456 -1.47249821073871
457 -1.70311716626029
458 -1.92701469640686
459 -2.14330717991598
460 -2.35114100916988
461 -2.54969595899476
462 -2.73818842371476
463 -2.91587450968564
464 -3.08205297110316
465 -3.2360679774998
466 -3.37731170200806
467 -3.50522672017546
468 -3.61930820986408
469 -3.719105943553
470 -3.80422606518062
471 -3.87433264451452
472 -3.92914900291476
473 -3.96845880525792
474 -3.99210691371308
475 -4
476 -3.99210691371308
477 -3.96845880525792
478 -3.92914900291476
479 -3.87433264451452
480 -3.80422606518062
481 -3.719105943553
482 -3.61930820986408
483 -3.50522672017546
484 -3.37731170200806
485 -3.2360679774998
486 -3.08205297110316
487 -2.91587450968566
488 -2.73818842371476
489 -2.54969595899476
490 -2.3511410091699
491 -2.143307179916
492 -1.92701469640687
493 -1.7031171662603
494 -1.47249821073872
495 -1.2360679774998
496 -0.994759548659418
497 -0.7495252583429
498 -0.50133293425722
499 -0.251162078117256
500 -4.89858719658942e-15
501 0.251162078117248
502 0.50133293425721
503 0.74952525834289
504 0.994759548659408
505 1.23606797749979
506 1.47249821073871
507 1.70311716626029
508 1.92701469640686
509 2.14330717991598
510 2.3511410091699
511 2.54969595899476
512 2.73818842371476
513 2.91587450968564
514 3.08205297110316
515 3.23606797749978
516 3.37731170200806
517 3.50522672017544
518 3.61930820986408
519 3.719105943553
520 3.80422606518062
521 3.87433264451452
522 3.92914900291476
523 3.96845880525792
524 3.99210691371308
525 4
526 3.99210691371308
527 3.96845880525792
528 3.92914900291476
529 3.87433264451452
530 3.80422606518062
531 3.719105943553
532 3.61930820986408
533 3.50522672017546
534 3.37731170200806
535 3.23606797749978
536 3.08205297110316
537 2.91587450968564
538 2.73818842371476
539 2.54969595899476
540 2.3511410091699
541 2.14330717991598
542 1.92701469640687
543 1.70311716626029
544 1.4724982107387
545 1.23606797749979
546 0.994759548659406
547 0.7495252583429
548 0.501332934257206
549 0.251162078117258
550 -8.82240879895364e-15
551 -0.251162078117246
552 -0.501332934257222
553 -0.749525258342916
554 -0.994759548659422
555 -1.2360679774998
556 -1.47249821073871
557 -1.7031171662603
558 -1.92701469640686
559 -2.143307179916
560 -2.35114100916988
561 -2.54969595899476
562 -2.73818842371476
563 -2.91587450968564
564 -3.08205297110316
565 -3.2360679774998
566 -3.37731170200806
567 -3.50522672017546
568 -3.61930820986408
569 -3.719105943553
570 -3.80422606518062
571 -3.87433264451452
572 -3.92914900291476
573 -3.96845880525792
574 -3.99210691371308
575 -4
576 -3.99210691371308
577 -3.96845880525792
578 -3.92914900291476
579 -3.87433264451452
580 -3.80422606518062
581 -3.71910594355302
582 -3.61930820986408
583 -3.50522672017546
584 -3.37731170200806
585 -3.2360679774998
586 -3.08205297110316
587 -2.91587450968564
588 -2.73818842371476
589 -2.54969595899476
590 -2.3511410091699
591 -2.143307179916
592 -1.92701469640688
593 -1.7031171662603
594 -1.47249821073874
595 -1.2360679774998
596 -0.99475954865942
597 -0.749525258342914
598 -0.50133293425722
599 -0.251162078117272
600 -5.8783046359073e-15
601 0.251162078117232
602 0.501332934257208
603 0.749525258342874
604 0.994759548659408
605 1.23606797749979
606 1.4724982107387
607 1.70311716626029
608 1.92701469640685
609 2.14330717991598
610 2.35114100916988
611 2.54969595899476
612 2.73818842371474
613 2.91587450968564
614 3.08205297110316
615 3.23606797749978
616 3.37731170200806
617 3.50522672017544
618 3.61930820986408
619 3.719105943553
620 3.80422606518062
621 3.87433264451452
622 3.92914900291476
623 3.96845880525792
624 3.99210691371308
625 4
626 3.99210691371308
627 3.96845880525792
628 3.92914900291476
629 3.87433264451452
630 3.80422606518062
631 3.719105943553
632 3.61930820986408
633 3.50522672017546
634 3.37731170200806
635 3.2360679774998
636 3.08205297110316
637 2.91587450968566
638 2.73818842371476
639 2.54969595899476
640 2.3511410091699
641 2.14330717991598
642 1.92701469640687
643 1.70311716626029
644 1.47249821073872
645 1.23606797749979
646 0.994759548659434
647 0.7495252583429
648 0.501332934257206
649 0.251162078117258
650 -7.84269135963576e-15
651 -0.251162078117246
652 -0.501332934257222
653 -0.749525258342888
654 -0.994759548659422
655 -1.23606797749978
656 -1.47249821073871
657 -1.7031171662603
658 -1.92701469640686
659 -2.143307179916
660 -2.35114100916988
661 -2.54969595899476
662 -2.73818842371474
663 -2.91587450968564
664 -3.08205297110316
665 -3.23606797749978
666 -3.37731170200806
667 -3.50522672017546
668 -3.61930820986408
669 -3.719105943553
670 -3.80422606518062
671 -3.87433264451452
672 -3.92914900291476
673 -3.96845880525792
674 -3.99210691371308
675 -4
676 -3.99210691371308
677 -3.9684588052579
678 -3.92914900291476
679 -3.87433264451452
680 -3.80422606518062
681 -3.719105943553
682 -3.61930820986406
683 -3.50522672017546
684 -3.37731170200806
685 -3.23606797749978
686 -3.08205297110314
687 -2.91587450968564
688 -2.73818842371474
689 -2.54969595899476
690 -2.35114100916988
691 -2.14330717991596
692 -1.92701469640686
693 -1.70311716626027
694 -1.47249821073871
695 -1.23606797749978
696 -0.99475954865942
697 -0.749525258342888
698 -0.50133293425722
699 -0.251162078117244
700 2.15636873551788e-14
701 0.25116207811726
702 0.501332934257236
703 0.749525258342902
704 0.994759548659406
705 1.23606797749976
706 1.4724982107387
707 1.70311716626029
708 1.92701469640685
709 2.14330717991598
710 2.35114100916988
711 2.54969595899476
712 2.73818842371474
713 2.91587450968564
714 3.08205297110314
715 3.23606797749978
716 3.37731170200806
717 3.50522672017544
718 3.61930820986408
719 3.719105943553
720 3.80422606518062
721 3.87433264451452
722 3.92914900291476
723 3.9684588052579
724 3.99210691371308
725 4
726 3.99210691371308
727 3.96845880525792
728 3.92914900291476
729 3.87433264451452
730 3.80422606518062
731 3.719105943553
732 3.61930820986408
733 3.50522672017546
734 3.37731170200806
735 3.2360679774998
736 3.08205297110316
737 2.91587450968566
738 2.73818842371476
739 2.54969595899478
740 2.3511410091699
741 2.143307179916
742 1.92701469640687
743 1.70311716626029
744 1.47249821073872
745 1.23606797749979
746 0.994759548659434
747 0.749525258342902
748 0.501332934257236
749 0.25116207811726
750 2.15587355100862e-14
751 -0.251162078117244
752 -0.50133293425722
753 -0.749525258342888
754 -0.99475954865942
755 -1.23606797749978
756 -1.47249821073871
757 -1.70311716626027
758 -1.92701469640686
759 -2.143307179916
760 -2.35114100916988
761 -2.54969595899476
762 -2.73818842371474
763 -2.91587450968564
764 -3.08205297110314
765 -3.23606797749978
766 -3.37731170200806
767 -3.50522672017546
768 -3.61930820986408
769 -3.719105943553
770 -3.80422606518062
771 -3.87433264451452
772 -3.92914900291476
773 -3.9684588052579
774 -3.99210691371308
775 -4
776 -3.99210691371308
777 -3.96845880525792
778 -3.92914900291476
779 -3.87433264451452
780 -3.80422606518062
781 -3.719105943553
782 -3.61930820986408
783 -3.50522672017546
784 -3.37731170200806
785 -3.23606797749978
786 -3.08205297110314
787 -2.91587450968564
788 -2.73818842371474
789 -2.54969595899476
790 -2.35114100916988
791 -2.143307179916
792 -1.92701469640686
793 -1.7031171662603
794 -1.47249821073871
795 -1.23606797749978
796 -0.994759548659422
797 -0.749525258342888
798 -0.501332934257222
799 -0.251162078117246
800 -7.83773951454306e-15
801 0.251162078117258
802 0.501332934257234
803 0.7495252583429
804 0.994759548659434
805 1.23606797749979
806 1.47249821073872
807 1.70311716626029
808 1.92701469640687
809 2.14330717991598
810 2.3511410091699
811 2.54969595899478
812 2.73818842371476
813 2.91587450968566
814 3.08205297110316
815 3.2360679774998
816 3.37731170200806
817 3.50522672017546
818 3.61930820986408
819 3.719105943553
820 3.80422606518062
821 3.87433264451452
822 3.92914900291476
823 3.96845880525792
824 3.99210691371308
825 4
826 3.99210691371308
827 3.96845880525792
828 3.92914900291476
829 3.87433264451452
830 3.80422606518062
831 3.719105943553
832 3.61930820986408
833 3.50522672017546
834 3.37731170200808
835 3.2360679774998
836 3.08205297110318
837 2.91587450968566
838 2.73818842371476
839 2.54969595899478
840 2.3511410091699
841 2.143307179916
842 1.92701469640687
843 1.70311716626031
844 1.47249821073872
845 1.23606797749979
846 0.994759548659436
847 0.749525258342902
848 0.501332934257236
849 0.25116207811726
850 2.2538452949404e-14
851 -0.251162078117244
852 -0.501332934257192
853 -0.749525258342886
854 -0.99475954865942
855 -1.23606797749977
856 -1.47249821073871
857 -1.70311716626027
858 -1.92701469640686
859 -2.14330717991596
860 -2.35114100916988
861 -2.54969595899474
862 -2.73818842371474
863 -2.91587450968564
864 -3.08205297110314
865 -3.23606797749978
866 -3.37731170200806
867 -3.50522672017546
868 -3.61930820986406
869 -3.719105943553
870 -3.8042260651806
871 -3.87433264451452
872 -3.92914900291476
873 -3.9684588052579
874 -3.99210691371308
875 -4
876 -3.99210691371308
877 -3.96845880525792
878 -3.92914900291476
879 -3.87433264451452
880 -3.80422606518062
881 -3.719105943553
882 -3.61930820986408
883 -3.50522672017546
884 -3.37731170200806
885 -3.2360679774998
886 -3.08205297110316
887 -2.91587450968564
888 -2.73818842371474
889 -2.54969595899476
890 -2.35114100916988
891 -2.143307179916
892 -1.92701469640686
893 -1.7031171662603
894 -1.47249821073871
895 -1.2360679774998
896 -0.994759548659422
897 -0.749525258342888
898 -0.501332934257222
899 -0.251162078117246
900 -8.81745695386094e-15
901 0.251162078117258
902 0.501332934257206
903 0.7495252583429
904 0.994759548659406
905 1.23606797749979
906 1.47249821073872
907 1.70311716626029
908 1.92701469640687
909 2.14330717991598
910 2.3511410091699
911 2.54969595899476
912 2.73818842371476
913 2.91587450968564
914 3.08205297110316
915 3.2360679774998
916 3.37731170200806
917 3.50522672017546
918 3.61930820986408
919 3.719105943553
920 3.80422606518062
921 3.87433264451452
922 3.92914900291476
923 3.96845880525792
924 3.99210691371308
925 4
926 3.99210691371308
927 3.96845880525792
928 3.92914900291476
929 3.87433264451452
930 3.80422606518062
931 3.719105943553
932 3.61930820986408
933 3.50522672017544
934 3.37731170200806
935 3.23606797749978
936 3.08205297110316
937 2.91587450968564
938 2.73818842371476
939 2.54969595899476
940 2.35114100916988
941 2.14330717991598
942 1.92701469640685
943 1.70311716626029
944 1.4724982107387
945 1.23606797749979
946 0.994759548659408
947 0.749525258342904
948 0.50133293425721
949 0.251162078117234
950 -4.90353904168212e-15
951 -0.251162078117272
952 -0.50133293425722
953 -0.749525258342914
954 -0.994759548659418
955 -1.2360679774998
956 -1.47249821073871
957 -1.7031171662603
958 -1.92701469640688
959 -2.143307179916
960 -2.35114100916988
961 -2.54969595899474
962 -2.73818842371474
963 -2.91587450968562
964 -3.08205297110314
965 -3.23606797749978
966 -3.37731170200806
967 -3.50522672017546
968 -3.61930820986406
969 -3.719105943553
970 -3.8042260651806
971 -3.87433264451452
972 -3.92914900291474
973 -3.9684588052579
974 -3.99210691371308
975 -4
976 -3.99210691371308
977 -3.96845880525792
978 -3.92914900291476
979 -3.87433264451454
980 -3.80422606518062
981 -3.71910594355302
982 -3.61930820986408
983 -3.50522672017546
984 -3.37731170200806
985 -3.2360679774998
986 -3.08205297110316
987 -2.91587450968564
988 -2.73818842371478
989 -2.54969595899476
990 -2.35114100916992
991 -2.143307179916
992 -1.92701469640686
993 -1.7031171662603
994 -1.47249821073871
995 -1.23606797749981
996 -0.994759548659424
997 -0.749525258342918
998 -0.501332934257224
999 -0.251162078117276
1000 -9.79717439317882e-15
1001 0.251162078117284
1002 0.501332934257204
1003 0.749525258342926
1004 0.994759548659404
1005 1.23606797749981
1006 1.47249821073869
1007 1.70311716626031
1008 1.92701469640684
1009 2.143307179916
1010 2.3511410091699
1011 2.54969595899478
1012 2.73818842371476
1013 2.91587450968566
1014 3.08205297110316
1015 3.2360679774998
1016 3.37731170200806
1017 3.50522672017546
1018 3.61930820986408
1019 3.719105943553
1020 3.80422606518062
1021 3.87433264451454
1022 3.92914900291476
1023 3.96845880525792
1024 3.99210691371308
1025 4
1026 3.99210691371308
1027 3.96845880525792
1028 3.92914900291476
1029 3.87433264451454
1030 3.80422606518062
1031 3.719105943553
1032 3.61930820986408
1033 3.50522672017548
1034 3.37731170200808
1035 3.2360679774998
1036 3.08205297110316
1037 2.91587450968568
1038 2.73818842371474
1039 2.54969595899478
1040 2.3511410091699
1041 2.14330717991604
1042 1.92701469640685
1043 1.70311716626032
1044 1.47249821073873
1045 1.23606797749979
1046 0.99475954865941
1047 0.749525258342932
1048 0.501332934257238
1049 0.251162078117262
1050 -3.92382160236424e-15
1051 -0.251162078117214
1052 -0.501332934257246
1053 -0.749525258342884
1054 -0.994759548659418
1055 -1.23606797749975
1056 -1.47249821073873
1057 -1.70311716626027
1058 -1.92701469640685
1059 -2.14330717991594
1060 -2.3511410091699
1061 -2.54969595899474
1062 -2.73818842371474
1063 -2.91587450968564
1064 -3.08205297110316
1065 -3.23606797749978
1066 -3.37731170200806
1067 -3.50522672017546
1068 -3.61930820986408
1069 -3.719105943553
1070 -3.80422606518062
1071 -3.87433264451452
1072 -3.92914900291476
1073 -3.9684588052579
1074 -3.99210691371308
1075 -4
1076 -3.99210691371308
1077 -3.96845880525792
1078 -3.92914900291476
1079 -3.87433264451454
1080 -3.80422606518062
1081 -3.719105943553
1082 -3.61930820986408
1083 -3.50522672017546
1084 -3.37731170200806
1085 -3.2360679774998
1086 -3.08205297110316
1087 -2.91587450968568
1088 -2.73818842371472
1089 -2.54969595899476
1090 -2.35114100916988
1091 -2.14330717991602
1092 -1.92701469640684
1093 -1.7031171662603
1094 -1.47249821073871
1095 -1.23606797749978
1096 -0.994759548659396
1097 -0.749525258342918
1098 -0.501332934257224
1099 -0.251162078117248
1100 1.76448175979073e-14
1101 0.251162078117228
1102 0.501332934257204
1103 0.749525258342898
1104 0.99475954865943
1105 1.23606797749976
1106 1.47249821073875
1107 1.70311716626028
1108 1.92701469640687
1109 2.14330717991596
1110 2.35114100916992
1111 2.54969595899474
1112 2.73818842371476
1113 2.91587450968566
1114 3.08205297110318
1115 3.23606797749978
1116 3.37731170200806
1117 3.50522672017546
1118 3.61930820986408
1119 3.719105943553
1120 3.80422606518062
1121 3.87433264451452
1122 3.92914900291476
1123 3.9684588052579
1124 3.99210691371308
1125 4
1126 3.99210691371308
1127 3.96845880525792
1128 3.92914900291474
1129 3.87433264451452
1130 3.80422606518062
1131 3.719105943553
1132 3.61930820986406
1133 3.50522672017546
1134 3.37731170200806
1135 3.23606797749978
1136 3.08205297110314
1137 2.91587450968566
1138 2.73818842371476
1139 2.54969595899476
1140 2.35114100916988
1141 2.143307179916
1142 1.92701469640682
1143 1.70311716626029
1144 1.4724982107387
1145 1.23606797749982
1146 0.994759548659384
1147 0.749525258342906
1148 0.501332934257212
1149 0.251162078117234
1150 -3.13658135934504e-14
1151 -0.25116207811724
1152 -0.501332934257218
1153 -0.749525258342912
1154 -0.994759548659388
1155 -1.23606797749977
1156 -1.47249821073871
1157 -1.7031171662603
1158 -1.92701469640683
1159 -2.14330717991596
1160 -2.35114100916988
1161 -2.54969595899476
1162 -2.73818842371472
1163 -2.91587450968562
1164 -3.08205297110314
1165 -3.23606797749978
1166 -3.37731170200804
1167 -3.50522672017546
1168 -3.61930820986406
1169 -3.719105943553
1170 -3.8042260651806
1171 -3.87433264451452
1172 -3.92914900291474
1173 -3.9684588052579
1174 -3.99210691371308
1175 -4
1176 -3.99210691371308
1177 -3.96845880525792
1178 -3.92914900291476
1179 -3.87433264451452
1180 -3.80422606518062
1181 -3.71910594355302
1182 -3.61930820986408
1183 -3.50522672017546
1184 -3.37731170200808
1185 -3.23606797749978
1186 -3.08205297110316
1187 -2.91587450968566
1188 -2.7381884237148
1189 -2.54969595899474
1190 -2.35114100916992
1191 -2.143307179916
1192 -1.92701469640686
1193 -1.70311716626028
1194 -1.47249821073874
1195 -1.23606797749981
1196 -0.994759548659424
1197 -0.749525258342892
1198 -0.501332934257254
1199 -0.251162078117222
1200 -1.17566092718146e-14
1201 0.251162078117254
1202 0.501332934257174
1203 0.749525258342924
1204 0.994759548659402
1205 1.23606797749979
1206 1.47249821073867
1207 1.70311716626031
1208 1.92701469640684
1209 2.14330717991598
1210 2.3511410091699
1211 2.54969595899478
1212 2.73818842371474
1213 2.91587450968564
1214 3.08205297110316
1215 3.2360679774998
1216 3.37731170200804
1217 3.50522672017548
1218 3.61930820986408
1219 3.719105943553
1220 3.8042260651806
1221 3.87433264451454
1222 3.92914900291476
1223 3.96845880525792
1224 3.99210691371308
1225 4
1226 3.99210691371308
1227 3.96845880525792
1228 3.92914900291476
1229 3.87433264451452
1230 3.80422606518062
1231 3.71910594355302
1232 3.61930820986408
1233 3.50522672017544
1234 3.37731170200808
1235 3.23606797749976
1236 3.08205297110316
1237 2.91587450968564
1238 2.73818842371478
1239 2.54969595899474
1240 2.3511410091699
1241 2.14330717991598
1242 1.92701469640685
1243 1.70311716626027
1244 1.47249821073873
1245 1.23606797749979
1246 0.994759548659412
1247 0.749525258342878
1248 0.50133293425724
1249 0.251162078117264
1250 -1.96438672372847e-15
1251 -0.251162078117268
1252 -0.501332934257188
1253 -0.749525258342938
1254 -0.994759548659416
1255 -1.2360679774998
1256 -1.47249821073868
1257 -1.70311716626032
1258 -1.92701469640685
1259 -2.14330717991598
1260 -2.3511410091699
1261 -2.54969595899478
1262 -2.73818842371474
1263 -2.91587450968564
1264 -3.08205297110316
1265 -3.2360679774998
1266 -3.37731170200804
1267 -3.50522672017546
1268 -3.61930820986408
1269 -3.71910594355302
1270 -3.8042260651806
1271 -3.87433264451454
1272 -3.92914900291476
1273 -3.96845880525792
1274 -3.99210691371308
1275 -4
1276 -3.99210691371308
1277 -3.96845880525792
1278 -3.92914900291476
1279 -3.87433264451452
1280 -3.80422606518062
1281 -3.71910594355302
1282 -3.61930820986408
1283 -3.50522672017546
1284 -3.37731170200808
1285 -3.2360679774998
1286 -3.08205297110316
1287 -2.91587450968568
1288 -2.73818842371478
1289 -2.54969595899476
1290 -2.3511410091699
1291 -2.14330717991602
1292 -1.92701469640689
1293 -1.70311716626031
1294 -1.47249821073872
1295 -1.23606797749984
1296 -0.994759548659398
1297 -0.74952525834292
1298 -0.501332934257226
1299 -0.251162078117308
1300 1.56853827192715e-14
1301 0.251162078117226
1302 0.501332934257202
1303 0.749525258342896
1304 0.994759548659428
1305 1.23606797749976
1306 1.47249821073869
1307 1.70311716626028
1308 1.92701469640686
1309 2.14330717991596
1310 2.35114100916988
1311 2.54969595899474
1312 2.73818842371476
1313 2.91587450968562
1314 3.08205297110318
1315 3.23606797749978
1316 3.37731170200806
1317 3.50522672017542
1318 3.61930820986408
1319 3.719105943553
1320 3.80422606518062
1321 3.87433264451452
1322 3.92914900291476
1323 3.9684588052579
1324 3.99210691371308
1325 4
1326 3.99210691371308
1327 3.96845880525792
1328 3.92914900291474
1329 3.87433264451452
1330 3.80422606518062
1331 3.71910594355302
1332 3.61930820986406
1333 3.50522672017546
1334 3.37731170200806
1335 3.23606797749982
1336 3.08205297110314
1337 2.91587450968566
1338 2.73818842371476
1339 2.54969595899476
1340 2.35114100916988
1341 2.14330717991602
1342 1.92701469640688
1343 1.70311716626029
1344 1.4724982107387
1345 1.23606797749982
1346 0.994759548659386
1347 0.749525258342908
1348 0.501332934257214
1349 0.251162078117294
1350 -2.94063787148146e-14
1351 -0.251162078117238
1352 -0.501332934257216
1353 -0.749525258342854
1354 -0.994759548659442
1355 -1.23606797749977
1356 -1.4724982107387
1357 -1.7031171662603
1358 -1.92701469640688
1359 -2.14330717991596
1360 -2.35114100916988
1361 -2.54969595899476
1362 -2.73818842371476
1363 -2.91587450968562
1364 -3.08205297110318
1365 -3.23606797749978
1366 -3.37731170200806
1367 -3.50522672017544
1368 -3.6193082098641
1369 -3.719105943553
1370 -3.80422606518062
1371 -3.87433264451452
1372 -3.92914900291476
1373 -3.9684588052579
1374 -3.99210691371308
1375 -4
1376 -3.99210691371308
1377 -3.96845880525792
1378 -3.92914900291476
1379 -3.87433264451452
1380 -3.8042260651806
1381 -3.71910594355302
1382 -3.61930820986406
1383 -3.50522672017546
1384 -3.37731170200806
1385 -3.23606797749982
1386 -3.08205297110314
1387 -2.91587450968566
1388 -2.73818842371476
1389 -2.54969595899474
1390 -2.35114100916986
1391 -2.143307179916
1392 -1.92701469640686
1393 -1.70311716626028
1394 -1.47249821073869
1395 -1.23606797749981
1396 -0.994759548659426
1397 -0.749525258342894
1398 -0.5013329342572
1399 -0.25116207811728
1400 4.31273747103576e-14
1401 0.251162078117252
1402 0.501332934257228
1403 0.749525258342866
1404 0.994759548659456
1405 1.23606797749978
1406 1.47249821073872
1407 1.70311716626031
1408 1.92701469640684
1409 2.14330717991598
1410 2.35114100916984
1411 2.54969595899476
1412 2.73818842371474
1413 2.91587450968564
1414 3.08205297110316
1415 3.2360679774998
1416 3.37731170200804
1417 3.50522672017544
1418 3.61930820986408
1419 3.719105943553
1420 3.8042260651806
1421 3.87433264451452
1422 3.92914900291476
1423 3.96845880525792
1424 3.99210691371308
1425 4
1426 3.99210691371308
1427 3.96845880525792
1428 3.92914900291476
1429 3.87433264451452
1430 3.80422606518062
1431 3.71910594355302
1432 3.61930820986408
1433 3.50522672017544
1434 3.37731170200808
1435 3.2360679774998
1436 3.08205297110316
1437 2.91587450968564
1438 2.73818842371478
1439 2.54969595899478
1440 2.3511410091699
1441 2.14330717991598
1442 1.9270146964069
1443 1.70311716626027
1444 1.47249821073873
1445 1.2360679774998
1446 0.994759548659468
1447 0.74952525834288
1448 0.501332934257242
1449 0.251162078117266
1450 -4.95184509270686e-18
1451 -0.251162078117266
1452 -0.501332934257186
1453 -0.74952525834288
1454 -0.994759548659414
1455 -1.2360679774998
1456 -1.47249821073868
1457 -1.70311716626027
1458 -1.92701469640685
1459 -2.14330717991598
1460 -2.35114100916986
1461 -2.54969595899478
1462 -2.73818842371474
1463 -2.91587450968564
1464 -3.08205297110312
1465 -3.2360679774998
1466 -3.37731170200804
1467 -3.50522672017544
1468 -3.61930820986408
1469 -3.71910594355302
1470 -3.8042260651806
1471 -3.87433264451452
1472 -3.92914900291476
1473 -3.96845880525792
1474 -3.99210691371308
1475 -4
1476 -3.99210691371308
1477 -3.96845880525792
1478 -3.92914900291476
1479 -3.87433264451452
1480 -3.80422606518062
1481 -3.719105943553
1482 -3.6193082098641
1483 -3.50522672017544
1484 -3.37731170200808
1485 -3.2360679774998
1486 -3.08205297110316
1487 -2.91587450968564
1488 -2.73818842371478
1489 -2.54969595899476
1490 -2.3511410091699
1491 -2.14330717991598
1492 -1.92701469640689
1493 -1.70311716626026
1494 -1.47249821073872
1495 -1.23606797749978
1496 -0.994759548659456
1497 -0.749525258342866
1498 -0.501332934257228
1499 -0.251162078117252
