0
0
1500
0 0
1 0
2 0
3 0
4 0
5 1
6 1
7 1
8 1
9 1
10 1
11 1
12 1
13 1
14 2
15 2
16 2
17 2
18 2
19 2
20 2
21 2
22 2
23 2
24 2
25 2
26 2
27 2
28 2
29 2
30 2
31 2
32 2
33 2
34 2
35 2
36 2
37 1
38 1
39 1
40 1
41 1
42 1
43 1
44 1
45 1
46 0
47 0
48 0
49 0
50 0
51 0
52 0
53 0
54 0
55 -1
56 -1
57 -1
58 -1
59 -1
60 -1
61 -1
62 -1
63 -1
64 -2
65 -2
66 -2
67 -2
68 -2
69 -2
70 -2
71 -2
72 -2
73 -2
74 -2
75 -2
76 -2
77 -2
78 -2
79 -2
80 -2
81 -2
82 -2
83 -2
84 -2
85 -2
86 -2
87 -1
88 -1
89 -1
90 -1
91 -1
92 -1
93 -1
94 -1
95 -1
96 0
97 0
98 0
99 0
100 0
101 0
102 0
103 0
104 0
105 1
106 1
107 1
108 1
109 1
110 1
111 1
112 1
113 1
114 2
115 2
116 2
117 2
118 2
119 2
120 2
121 2
122 2
123 2
124 2
125 2
126 2
127 2
128 2
129 2
130 2
131 2
132 2
133 2
134 2
135 2
136 2
137 1
138 1
139 1
140 1
141 1
142 1
143 1
144 1
145 1
146 0
147 0
148 0
149 0
150 0
151 0
152 0
153 0
154 0
155 -1
156 -1
157 -1
158 -1
159 -1
160 -1
161 -1
162 -1
163 -1
164 -2
165 -2
166 -2
167 -2
168 -2
169 -2
170 -2
171 -2
172 -2
173 -2
174 -2
175 -2
176 -2
177 -2
178 -2
179 -2
180 -2
181 -2
182 -2
183 -2
184 -2
185 -2
186 -2
187 -1
188 -1
189 -1
190 -1
191 -1
192 -1
193 -1
194 -1
195 -1
196 0
197 0
198 0
199 0
200 0
201 0
202 0
203 0
204 0
205 1
206 1
207 1
208 1
209 1
210 1
211 1
212 1
213 1
214 2
215 2
216 2
217 2
218 2
219 2
220 2
221 2
222 2
223 2
224 2
225 2
226 2
227 2
228 2
229 2
230 2
231 2
232 2
233 2
234 2
235 2
236 2
237 1
238 1
239 1
240 1
241 1
242 1
243 1
244 1
245 1
246 0
247 0
248 0
249 0
250 0
251 0
252 0
253 0
254 0
255 -1
256 -1
257 -1
258 -1
259 -1
260 -1
261 -1
262 -1
263 -1
264 -2
265 -2
266 -2
267 -2
268 -2
269 -2
270 -2
271 -2
272 -2
273 -2
274 -2
275 -2
276 -2
277 -2
278 -2
279 -2
280 -2
281 -2
282 -2
283 -2
284 -2
285 -2
286 -2
287 -1
288 -1
289 -1
290 -1
291 -1
292 -1
293 -1
294 -1
295 -1
296 0
297 0
298 0
299 0
300 0
301 0
302 0
303 0
304 0
305 1
306 1
307 1
308 1
309 1
310 1
311 1
312 1
313 1
314 2
315 2
316 2
317 2
318 2
319 2
320 2
321 2
322 2
323 2
324 2
325 2
326 2
327 2
328 2
329 2
330 2
331 2
332 2
333 2
334 2
335 2
336 2
337 1
338 1
339 1
340 1
341 1
342 1
343 1
344 1
345 1
346 0
347 0
348 0
349 0
350 0
351 0
352 0
353 0
354 0
355 -1
356 -1
357 -1
358 -1
359 -1
360 -1
361 -1
362 -1
363 -1
364 -2
365 -2
366 -2
367 -2
368 -2
369 -2
370 -2
371 -2
372 -2
373 -2
374 -2
375 -2
376 -2
377 -2
378 -2
379 -2
380 -2
381 -2
382 -2
383 -2
384 -2
385 -2
386 -2
387 -1
388 -1
389 -1
390 -1
391 -1
392 -1
393 -1
394 -1
395 -1
396 0
397 0
398 0
399 0
400 0
401 0
402 0
403 0
404 0
405 1
406 1
407 1
408 1
409 1
410 1
411 1
412 1
413 1
414 2
415 2
416 2
417 2
418 2
419 2
420 2
421 2
422 2
423 2
424 2
425 2
426 2
427 2
428 2
429 2
430 2
431 2
432 2
433 2
434 2
435 2
436 2
437 1
438 1
439 1
440 1
441 1
442 1
443 1
444 1
445 1
446 0
447 0
448 0
449 0
450 0
451 0
452 0
453 0
454 0
455 -1
456 -1
457 -1
458 -1
459 -1
460 -1
461 -1
462 -1
463 -1
464 -2
465 -2
466 -2
467 -2
468 -2
469 -2
470 -2
471 -2
472 -2
473 -2
474 -2
475 -2
476 -2
477 -2
478 -2
479 -2
480 -2
481 -2
482 -2
483 -2
484 -2
485 -2
486 -2
487 -1
488 -1
489 -1
490 -1
491 -1
492 -1
493 -1
494 -1
495 -1
496 0
497 0
498 0
499 0
500 0
501 0
502 0
503 0
504 0
505 1
506 1
507 1
508 1
509 1
510 1
511 1
512 1
513 1
514 2
515 2
516 2
517 2
518 2
519 2
520 2
521 2
522 2
523 2
524 2
525 2
526 2
527 2
528 2
529 2
530 2
531 2
532 2
533 2
534 2
535 2
536 2
537 1
538 1
539 1
540 1
541 1
542 1
543 1
544 1
545 1
546 0
547 0
548 0
549 0
550 0
551 0
552 0
553 0
554 0
555 -1
556 -1
557 -1
558 -1
559 -1
560 -1
561 -1
562 -1
563 -1
564 -2
565 -2
566 -2
567 -2
568 -2
569 -2
570 -2
571 -2
572 -2
573 -2
574 -2
575 -2
576 -2
577 -2
578 -2
579 -2
580 -2
581 -2
582 -2
583 -2
584 -2
585 -2
586 -2
587 -1
588 -1
589 -1
590 -1
591 -1
592 -1
593 -1
594 -1
595 -1
596 0
597 0
598 0
599 0
600 0
601 0
602 0
603 0
604 0
605 1
606 1
607 1
608 1
609 1
610 1
611 1
612 1
613 1
614 2
615 2
616 2
617 2
618 2
619 2
620 2
621 2
622 2
623 2
624 2
625 2
626 2
627 2
628 2
629 2
630 2
631 2
632 2
633 2
634 2
635 2
636 2
637 1
638 1
639 1
640 1
641 1
642 1
643 1
644 1
645 1
646 0
647 0
648 0
649 0
650 0
651 0
652 0
653 0
654 0
655 -1
656 -1
657 -1
658 -1
659 -1
660 -1
661 -1
662 -1
663 -1
664 -2
665 -2
666 -2
667 -2
668 -2
669 -2
670 -2
671 -2
672 -2
673 -2
674 -2
675 -2
676 -2
677 -2
678 -2
679 -2
680 -2
681 -2
682 -2
683 -2
684 -2
685 -2
686 -2
687 -1
688 -1
689 -1
690 -1
691 -1
692 -1
693 -1
694 -1
695 -1
696 0
697 0
698 0
699 0
700 0
701 0
702 0
703 0
704 0
705 1
706 1
707 1
708 1
709 1
710 1
711 1
712 1
713 1
714 2
715 2
716 2
717 2
718 2
719 2
720 2
721 2
722 2
723 2
724 2
725 2
726 2
727 2
728 2
729 2
730 2
731 2
732 2
733 2
734 2
735 2
736 2
737 1
738 1
739 1
740 1
741 1
742 1
743 1
744 1
745 1
746 0
747 0
748 0
749 0
750 0
751 0
752 0
753 0
754 0
755 -1
756 -1
757 -1
758 -1
759 -1
760 -1
761 -1
762 -1
763 -1
764 -2
765 -2
766 -2
767 -2
768 -2
769 -2
770 -2
771 -2
772 -2
773 -2
774 -2
775 -2
776 -2
777 -2
778 -2
779 -2
780 -2
781 -2
782 -2
783 -2
784 -2
785 -2
786 -2
787 -1
788 -1
789 -1
790 -1
791 -1
792 -1
793 -1
794 -1
795 -1
796 0
797 0
798 0
799 0
800 0
801 0
802 0
803 0
804 0
805 1
806 1
807 1
808 1
809 1
810 1
811 1
812 1
813 1
814 2
815 2
816 2
817 2
818 2
819 2
820 2
821 2
822 2
823 2
824 2
825 2
826 2
827 2
828 2
829 2
830 2
831 2
832 2
833 2
834 2
835 2
836 2
837 1
838 1
839 1
840 1
841 1
842 1
843 1
844 1
845 1
846 0
847 0
848 0
849 0
850 0
851 0
852 0
853 0
854 0
855 -1
856 -1
857 -1
858 -1
859 -1
860 -1
861 -1
862 -1
863 -1
864 -2
865 -2
866 -2
867 -2
868 -2
869 -2
870 -2
871 -2
872 -2
873 -2
874 -2
875 -2
876 -2
877 -2
878 -2
879 -2
880 -2
881 -2
882 -2
883 -2
884 -2
885 -2
886 -2
887 -1
888 -1
889 -1
890 -1
891 -1
892 -1
893 -1
894 -1
895 -1
896 0
897 0
898 0
899 0
900 0
901 0
902 0
903 0
904 0
905 1
906 1
907 1
908 1
909 1
910 1
911 1
912 1
913 1
914 2
915 2
916 2
917 2
918 2
919 2
920 2
921 2
922 2
923 2
924 2
925 2
926 2
927 2
928 2
929 2
930 2
931 2
932 2
933 2
934 2
935 2
936 2
937 1
938 1
939 1
940 1
941 1
942 1
943 1
944 1
945 1
946 0
947 0
948 0
949 0
950 0
951 0
952 0
953 0
954 0
955 -1
956 -1
957 -1
958 -1
959 -1
960 -1
961 -1
962 -1
963 -1
964 -2
965 -2
966 -2
967 -2
968 -2
969 -2
970 -2
971 -2
972 -2
973 -2
974 -2
975 -2
976 -2
977 -2
978 -2
979 -2
980 -2
981 -2
982 -2
983 -2
984 -2
985 -2
986 -2
987 -1
988 -1
989 -1
990 -1
991 -1
992 -1
993 -1
994 -1
995 -1
996 0
997 0
998 0
999 0
1000 0
1001 0
1002 0
1003 0
1004 0
1005 1
1006 1
1007 1
1008 1
1009 1
1010 1
1011 1
1012 1
1013 1
1014 2
1015 2
1016 2
1017 2
1018 2
1019 2
1020 2
1021 2
1022 2
1023 2
1024 2
1025 2
1026 2
1027 2
1028 2
1029 2
1030 2
1031 2
1032 2
1033 2
1034 2
1035 2
1036 2
1037 1
1038 1
1039 1
1040 1
1041 1
1042 1
1043 1
1044 1
1045 1
1046 0
1047 0
1048 0
1049 0
1050 0
1051 0
1052 0
1053 0
1054 0
1055 -1
1056 -1
1057 -1
1058 -1
1059 -1
1060 -1
1061 -1
1062 -1
1063 -1
1064 -2
1065 -2
1066 -2
1067 -2
1068 -2
1069 -2
1070 -2
1071 -2
1072 -2
1073 -2
1074 -2
1075 -2
1076 -2
1077 -2
1078 -2
1079 -2
1080 -2
1081 -2
1082 -2
1083 -2
1084 -2
1085 -2
1086 -2
1087 -1
1088 -1
1089 -1
1090 -1
1091 -1
1092 -1
1093 -1
1094 -1
1095 -1
1096 0
1097 0
1098 0
1099 0
1100 0
1101 0
1102 0
1103 0
1104 0
1105 1
1106 1
1107 1
1108 1
1109 1
1110 1
1111 1
1112 1
1113 1
1114 2
1115 2
1116 2
1117 2
1118 2
1119 2
1120 2
1121 2
1122 2
1123 2
1124 2
1125 2
1126 2
1127 2
1128 2
1129 2
1130 2
1131 2
1132 2
1133 2
1134 2
1135 2
1136 2
1137 1
1138 1
1139 1
1140 1
1141 1
1142 1
1143 1
1144 1
1145 1
1146 0
1147 0
1148 0
1149 0
1150 0
1151 0
1152 0
1153 0
1154 0
1155 -1
1156 -1
1157 -1
1158 -1
1159 -1
1160 -1
1161 -1
1162 -1
1163 -1
1164 -2
1165 -2
1166 -2
1167 -2
1168 -2
1169 -2
1170 -2
1171 -2
1172 -2
1173 -2
1174 -2
1175 -2
1176 -2
1177 -2
1178 -2
1179 -2
1180 -2
1181 -2
1182 -2
1183 -2
1184 -2
1185 -2
1186 -2
1187 -1
1188 -1
1189 -1
1190 -1
1191 -1
1192 -1
1193 -1
1194 -1
1195 -1
1196 0
1197 0
1198 0
1199 0
1200 0
1201 0
1202 0
1203 0
1204 0
1205 1
1206 1
1207 1
1208 1
1209 1
1210 1
1211 1
1212 1
1213 1
1214 2
1215 2
1216 2
1217 2
1218 2
1219 2
1220 2
1221 2
1222 2
1223 2
1224 2
1225 2
1226 2
1227 2
1228 2
1229 2
1230 2
1231 2
1232 2
1233 2
1234 2
1235 2
1236 2
1237 1
1238 1
1239 1
1240 1
1241 1
1242 1
1243 1
1244 1
1245 1
1246 0
1247 0
1248 0
1249 0
1250 0
1251 0
1252 0
1253 0
1254 0
1255 -1
1256 -1
1257 -1
1258 -1
1259 -1
1260 -1
1261 -1
1262 -1
1263 -1
1264 -2
1265 -2
1266 -2
1267 -2
1268 -2
1269 -2
1270 -2
1271 -2
1272 -2
1273 -2
1274 -2
1275 -2
1276 -2
1277 -2
1278 -2
1279 -2
1280 -2
1281 -2
1282 -2
1283 -2
1284 -2
1285 -2
1286 -2
1287 -1
1288 -1
1289 -1
1290 -1
1291 -1
1292 -1
1293 -1
1294 -1
1295 -1
1296 0
1297 0
1298 0
1299 0
1300 0
1301 0
1302 0
1303 0
1304 0
1305 1
1306 1
1307 1
1308 1
1309 1
1310 1
1311 1
1312 1
1313 1
1314 2
1315 2
1316 2
1317 2
1318 2
1319 2
1320 2
1321 2
1322 2
1323 2
1324 2
1325 2
1326 2
1327 2
1328 2
1329 2
1330 2
1331 2
1332 2
1333 2
1334 2
1335 2
1336 2
1337 1
1338 1
1339 1
1340 1
1341 1
1342 1
1343 1
1344 1
1345 1
1346 0
1347 0
1348 0
1349 0
1350 0
1351 0
1352 0
1353 0
1354 0
1355 -1
1356 -1
1357 -1
1358 -1
1359 -1
1360 -1
1361 -1
1362 -1
1363 -1
1364 -2
1365 -2
1366 -2
1367 -2
1368 -2
1369 -2
1370 -2
1371 -2
1372 -2
1373 -2
1374 -2
1375 -2
1376 -2
1377 -2
1378 -2
1379 -2
1380 -2
1381 -2
1382 -2
1383 -2
1384 -2
1385 -2
1386 -2
1387 -1
1388 -1
1389 -1
1390 -1
1391 -1
1392 -1
1393 -1
1394 -1
1395 -1
1396 0
1397 0
1398 0
1399 0
1400 0
1401 0
1402 0
1403 0
1404 0
1405 1
1406 1
1407 1
1408 1
1409 1
1410 1
1411 1
1412 1
1413 1
1414 2
1415 2
1416 2
1417 2
1418 2
1419 2
1420 2
1421 2
1422 2
1423 2
1424 2
1425 2
1426 2
1427 2
1428 2
1429 2
1430 2
1431 2
1432 2
1433 2
1434 2
1435 2
1436 2
1437 1
1438 1
1439 1
1440 1
1441 1
1442 1
1443 1
1444 1
1445 1
1446 0
1447 0
1448 0
1449 0
1450 0
1451 0
1452 0
1453 0
1454 0
1455 -1
1456 -1
1457 -1
1458 -1
1459 -1
1460 -1
1461 -1
1462 -1
1463 -1
1464 -2
1465 -2
1466 -2
1467 -2
1468 -2
1469 -2
1470 -2
1471 -2
1472 -2
1473 -2
1474 -2
1475 -2
1476 -2
1477 -2
1478 -2
1479 -2
1480 -2
1481 -2
1482 -2
1483 -2
1484 -2
1485 -2
1486 -2
1487 -1
1488 -1
1489 -1
1490 -1
1491 -1
1492 -1
1493 -1
1494 -1
1495 -1
1496 0
1497 0
1498 0
1499 0
