0
0
60
0 0
25 2
50 2.44929359829471e-16
75 -2
100 -4.89858719658941e-16
125 2
150 7.34788079488412e-16
175 -2
200 -9.79717439317883e-16
225 2
250 1.22464679914735e-15
275 -2
300 -1.46957615897682e-15
325 2
350 -5.39092183879471e-15
375 -2
400 -1.95943487863577e-15
425 2
450 2.20436423846524e-15
475 -2
500 -2.44929359829471e-15
525 2
550 -4.41120439947682e-15
575 -2
600 -2.93915231795365e-15
625 2
650 -3.92134567981788e-15
675 -2
700 1.07818436775894e-14
725 2
750 1.07793677550431e-14
775 -2
800 -3.91886975727153e-15
825 2
850 1.1269226474702e-14
875 -2
900 -4.40872847693047e-15
925 2
950 -2.45176952084106e-15
975 -2
1000 -4.89858719658941e-15
1025 2
1050 -1.96191080118212e-15
1075 -2
1100 8.82240879895365e-15
1125 2
1150 -1.56829067967252e-14
1175 -2
1200 -5.8783046359073e-15
1225 2
1250 -9.82193361864236e-16
1275 -2
1300 7.84269135963577e-15
1325 2
1350 -1.47031893574073e-14
1375 -2
1400 2.15636873551788e-14
1425 2
1450 -2.47592254635343e-18
1475 -2
