0
0
3000
0 0
1 0.125581039058627
2 0.250666467128609
3 0.374762629171449
4 0.49737977432971
5 0.618033988749895
6 0.736249105369356
7 0.851558583130145
8 0.963507348203431
9 1.07165358995799
10 1.17557050458495
11 1.27484797949738
12 1.36909421185738
13 1.45793725484282
14 1.54102648555158
15 1.61803398874989
16 1.68865585100403
17 1.75261336008773
18 1.80965410493204
19 1.8595529717765
20 1.90211303259031
21 1.93716632225726
22 1.96457450145738
23 1.98422940262896
24 1.99605345685654
25 2
26 1.99605345685654
27 1.98422940262896
28 1.96457450145738
29 1.93716632225726
30 1.90211303259031
31 1.8595529717765
32 1.80965410493204
33 1.75261336008773
34 1.68865585100403
35 1.61803398874989
36 1.54102648555158
37 1.45793725484282
38 1.36909421185738
39 1.27484797949738
40 1.17557050458495
41 1.07165358995799
42 0.96350734820343
43 0.851558583130145
44 0.736249105369356
45 0.618033988749895
46 0.49737977432971
47 0.374762629171449
48 0.250666467128608
49 0.125581039058627
50 2.44929359829471e-16
51 -0.125581039058627
52 -0.250666467128609
53 -0.374762629171449
54 -0.497379774329709
55 -0.618033988749895
56 -0.736249105369356
57 -0.851558583130145
58 -0.963507348203431
59 -1.07165358995799
60 -1.17557050458495
61 -1.27484797949738
62 -1.36909421185738
63 -1.45793725484282
64 -1.54102648555158
65 -1.61803398874989
66 -1.68865585100403
67 -1.75261336008773
68 -1.80965410493204
69 -1.8595529717765
70 -1.90211303259031
71 -1.93716632225726
72 -1.96457450145738
73 -1.98422940262896
74 -1.99605345685654
75 -2
76 -1.99605345685654
77 -1.98422940262896
78 -1.96457450145738
79 -1.93716632225726
80 -1.90211303259031
81 -1.8595529717765
82 -1.80965410493204
83 -1.75261336008773
84 -1.68865585100403
85 -1.6180339887499
86 -1.54102648555158
87 -1.45793725484282
88 -1.36909421185738
89 -1.27484797949738
90 -1.17557050458495
91 -1.07165358995799
92 -0.963507348203431
93 -0.851558583130146
94 -0.736249105369356
95 -0.618033988749895
96 -0.497379774329709
97 -0.374762629171449
98 -0.250666467128609
99 -0.125581039058627
100 -4.89858719658941e-16
101 0.125581039058627
102 0.250666467128608
103 0.37476262917145
104 0.49737977432971
105 0.618033988749894
106 0.736249105369355
107 0.851558583130145
108 0.96350734820343
109 1.07165358995799
110 1.17557050458495
111 1.27484797949738
112 1.36909421185738
113 1.45793725484282
114 1.54102648555158
115 1.61803398874989
116 1.68865585100403
117 1.75261336008773
118 1.80965410493204
119 1.8595529717765
120 1.90211303259031
121 1.93716632225726
122 1.96457450145738
123 1.98422940262896
124 1.99605345685654
125 2
126 1.99605345685654
127 1.98422940262896
128 1.96457450145738
129 1.93716632225726
130 1.90211303259031
131 1.8595529717765
132 1.80965410493204
133 1.75261336008773
134 1.68865585100403
135 1.6180339887499
136 1.54102648555158
137 1.45793725484282
138 1.36909421185738
139 1.27484797949738
140 1.17557050458495
141 1.07165358995799
142 0.963507348203429
143 0.851558583130145
144 0.736249105369356
145 0.618033988749896
146 0.497379774329711
147 0.374762629171451
148 0.250666467128611
149 0.125581039058627
150 7.34788079488412e-16
151 -0.125581039058625
152 -0.250666467128606
153 -0.374762629171446
154 -0.49737977432971
155 -0.618033988749894
156 -0.736249105369355
157 -0.851558583130143
158 -0.963507348203431
159 -1.07165358995799
160 -1.17557050458495
161 -1.27484797949738
162 -1.36909421185738
163 -1.45793725484282
164 -1.54102648555158
165 -1.61803398874989
166 -1.68865585100403
167 -1.75261336008773
168 -1.80965410493204
169 -1.8595529717765
170 -1.90211303259031
171 -1.93716632225726
172 -1.96457450145738
173 -1.98422940262896
174 -1.99605345685654
175 -2
176 -1.99605345685654
177 -1.98422940262896
178 -1.96457450145738
179 -1.93716632225726
180 -1.90211303259031
181 -1.8595529717765
182 -1.80965410493204
183 -1.75261336008773
184 -1.68865585100403
185 -1.6180339887499
186 -1.54102648555158
187 -1.45793725484282
188 -1.36909421185738
189 -1.27484797949738
190 -1.17557050458495
191 -1.07165358995799
192 -0.96350734820343
193 -0.851558583130145
194 -0.736249105369356
195 -0.618033988749896
196 -0.497379774329711
197 -0.374762629171448
198 -0.250666467128608
199 -0.125581039058627
200 -9.79717439317883e-16
201 0.125581039058629
202 0.25066646712861
203 0.37476262917145
204 0.497379774329709
205 0.618033988749897
206 0.736249105369358
207 0.851558583130146
208 0.963507348203431
209 1.07165358995799
210 1.17557050458495
211 1.27484797949738
212 1.36909421185738
213 1.45793725484282
214 1.54102648555158
215 1.61803398874989
216 1.68865585100403
217 1.75261336008773
218 1.80965410493204
219 1.8595529717765
220 1.90211303259031
221 1.93716632225726
222 1.96457450145738
223 1.98422940262896
224 1.99605345685654
225 2
226 1.99605345685654
227 1.98422940262896
228 1.96457450145738
229 1.93716632225726
230 1.90211303259031
231 1.8595529717765
232 1.80965410493204
233 1.75261336008773
234 1.68865585100403
235 1.61803398874989
236 1.54102648555158
237 1.45793725484282
238 1.36909421185738
239 1.27484797949738
240 1.17557050458495
241 1.07165358995799
242 0.963507348203433
243 0.851558583130148
244 0.736249105369356
245 0.618033988749896
246 0.497379774329711
247 0.374762629171452
248 0.250666467128608
249 0.125581039058627
250 1.22464679914735e-15
251 -0.125581039058625
252 -0.250666467128606
253 -0.374762629171449
254 -0.497379774329709
255 -0.618033988749897
256 -0.736249105369357
257 -0.851558583130146
258 -0.963507348203431
259 -1.07165358995799
260 -1.17557050458495
261 -1.27484797949738
262 -1.36909421185738
263 -1.45793725484283
264 -1.54102648555158
265 -1.6180339887499
266 -1.68865585100403
267 -1.75261336008773
268 -1.80965410493204
269 -1.8595529717765
270 -1.90211303259031
271 -1.93716632225726
272 -1.96457450145738
273 -1.98422940262896
274 -1.99605345685654
275 -2
276 -1.99605345685654
277 -1.98422940262896
278 -1.96457450145738
279 -1.93716632225726
280 -1.90211303259031
281 -1.8595529717765
282 -1.80965410493204
283 -1.75261336008773
284 -1.68865585100403
285 -1.61803398874989
286 -1.54102648555158
287 -1.45793725484282
288 -1.36909421185738
289 -1.27484797949738
290 -1.17557050458495
291 -1.071653589958
292 -0.963507348203433
293 -0.851558583130149
294 -0.73624910536936
295 -0.6180339887499
296 -0.497379774329715
297 -0.374762629171456
298 -0.250666467128609
299 -0.125581039058627
300 -1.46957615897682e-15
301 0.125581039058625
302 0.250666467128606
303 0.374762629171446
304 0.497379774329705
305 0.61803398874989
306 0.736249105369351
307 0.851558583130146
308 0.96350734820343
309 1.07165358995799
310 1.17557050458494
311 1.27484797949738
312 1.36909421185738
313 1.45793725484282
314 1.54102648555158
315 1.6180339887499
316 1.68865585100403
317 1.75261336008773
318 1.80965410493204
319 1.8595529717765
320 1.90211303259031
321 1.93716632225726
322 1.96457450145738
323 1.98422940262896
324 1.99605345685654
325 2
326 1.99605345685654
327 1.98422940262896
328 1.96457450145738
329 1.93716632225726
330 1.90211303259031
331 1.8595529717765
332 1.80965410493204
333 1.75261336008773
334 1.68865585100403
335 1.61803398874989
336 1.54102648555158
337 1.45793725484282
338 1.36909421185738
339 1.27484797949738
340 1.17557050458495
341 1.07165358995799
342 0.963507348203427
343 0.851558583130142
344 0.736249105369354
345 0.618033988749893
346 0.497379774329708
347 0.374762629171449
348 0.250666467128609
349 0.125581039058628
350 -5.39092183879471e-15
351 -0.125581039058631
352 -0.250666467128605
353 -0.374762629171445
354 -0.497379774329705
355 -0.61803398874989
356 -0.73624910536935
357 -0.851558583130139
358 -0.96350734820343
359 -1.07165358995799
360 -1.17557050458494
361 -1.27484797949738
362 -1.36909421185738
363 -1.45793725484282
364 -1.54102648555158
365 -1.61803398874989
366 -1.68865585100403
367 -1.75261336008773
368 -1.80965410493204
369 -1.8595529717765
370 -1.90211303259031
371 -1.93716632225726
372 -1.96457450145738
373 -1.98422940262896
374 -1.99605345685654
375 -2
376 -1.99605345685654
377 -1.98422940262896
378 -1.96457450145738
379 -1.93716632225726
380 -1.90211303259031
381 -1.8595529717765
382 -1.80965410493204
383 -1.75261336008773
384 -1.68865585100403
385 -1.61803398874989
386 -1.54102648555158
387 -1.45793725484282
388 -1.36909421185738
389 -1.27484797949738
390 -1.17557050458495
391 -1.071653589958
392 -0.963507348203433
393 -0.851558583130143
394 -0.736249105369354
395 -0.618033988749893
396 -0.497379774329709
397 -0.374762629171449
398 -0.250666467128609
399 -0.125581039058628
400 -1.95943487863577e-15
401 0.125581039058631
402 0.250666467128612
403 0.374762629171452
404 0.497379774329712
405 0.618033988749896
406 0.736249105369357
407 0.851558583130145
408 0.96350734820343
409 1.07165358995799
410 1.17557050458495
411 1.27484797949738
412 1.36909421185738
413 1.45793725484283
414 1.54102648555158
415 1.6180339887499
416 1.68865585100403
417 1.75261336008772
418 1.80965410493204
419 1.8595529717765
420 1.90211303259031
421 1.93716632225726
422 1.96457450145738
423 1.98422940262896
424 1.99605345685654
425 2
426 1.99605345685654
427 1.98422940262896
428 1.96457450145738
429 1.93716632225726
430 1.90211303259031
431 1.8595529717765
432 1.80965410493204
433 1.75261336008773
434 1.68865585100403
435 1.6180339887499
436 1.54102648555158
437 1.45793725484282
438 1.36909421185738
439 1.27484797949738
440 1.17557050458495
441 1.071653589958
442 0.963507348203434
443 0.851558583130149
444 0.736249105369354
445 0.618033988749894
446 0.497379774329709
447 0.374762629171449
448 0.250666467128609
449 0.125581039058628
450 2.20436423846524e-15
451 -0.125581039058624
452 -0.250666467128605
453 -0.374762629171452
454 -0.497379774329712
455 -0.618033988749896
456 -0.736249105369357
457 -0.851558583130145
458 -0.96350734820343
459 -1.07165358995799
460 -1.17557050458494
461 -1.27484797949738
462 -1.36909421185738
463 -1.45793725484282
464 -1.54102648555158
465 -1.6180339887499
466 -1.68865585100403
467 -1.75261336008773
468 -1.80965410493204
469 -1.8595529717765
470 -1.90211303259031
471 -1.93716632225726
472 -1.96457450145738
473 -1.98422940262896
474 -1.99605345685654
475 -2
476 -1.99605345685654
477 -1.98422940262896
478 -1.96457450145738
479 -1.93716632225726
480 -1.90211303259031
481 -1.8595529717765
482 -1.80965410493204
483 -1.75261336008773
484 -1.68865585100403
485 -1.6180339887499
486 -1.54102648555158
487 -1.45793725484283
488 -1.36909421185738
489 -1.27484797949738
490 -1.17557050458495
491 -1.071653589958
492 -0.963507348203434
493 -0.851558583130149
494 -0.736249105369361
495 -0.618033988749901
496 -0.497379774329709
497 -0.37476262917145
498 -0.25066646712861
499 -0.125581039058628
500 -2.44929359829471e-15
501 0.125581039058624
502 0.250666467128605
503 0.374762629171445
504 0.497379774329704
505 0.618033988749896
506 0.736249105369356
507 0.851558583130145
508 0.96350734820343
509 1.07165358995799
510 1.17557050458495
511 1.27484797949738
512 1.36909421185738
513 1.45793725484282
514 1.54102648555158
515 1.61803398874989
516 1.68865585100403
517 1.75261336008772
518 1.80965410493204
519 1.8595529717765
520 1.90211303259031
521 1.93716632225726
522 1.96457450145738
523 1.98422940262896
524 1.99605345685654
525 2
526 1.99605345685654
527 1.98422940262896
528 1.96457450145738
529 1.93716632225726
530 1.90211303259031
531 1.8595529717765
532 1.80965410493204
533 1.75261336008773
534 1.68865585100403
535 1.61803398874989
536 1.54102648555158
537 1.45793725484282
538 1.36909421185738
539 1.27484797949738
540 1.17557050458495
541 1.07165358995799
542 0.963507348203434
543 0.851558583130143
544 0.736249105369348
545 0.618033988749894
546 0.497379774329703
547 0.37476262917145
548 0.250666467128603
549 0.125581039058629
550 -4.41120439947682e-15
551 -0.125581039058623
552 -0.250666467128611
553 -0.374762629171458
554 -0.497379774329711
555 -0.618033988749902
556 -0.736249105369356
557 -0.851558583130151
558 -0.963507348203429
559 -1.071653589958
560 -1.17557050458494
561 -1.27484797949738
562 -1.36909421185738
563 -1.45793725484282
564 -1.54102648555158
565 -1.6180339887499
566 -1.68865585100403
567 -1.75261336008773
568 -1.80965410493204
569 -1.8595529717765
570 -1.90211303259031
571 -1.93716632225726
572 -1.96457450145738
573 -1.98422940262896
574 -1.99605345685654
575 -2
576 -1.99605345685654
577 -1.98422940262896
578 -1.96457450145738
579 -1.93716632225726
580 -1.90211303259031
581 -1.85955297177651
582 -1.80965410493204
583 -1.75261336008773
584 -1.68865585100403
585 -1.6180339887499
586 -1.54102648555158
587 -1.45793725484282
588 -1.36909421185738
589 -1.27484797949738
590 -1.17557050458495
591 -1.071653589958
592 -0.963507348203441
593 -0.85155858313015
594 -0.736249105369368
595 -0.618033988749901
596 -0.49737977432971
597 -0.374762629171457
598 -0.25066646712861
599 -0.125581039058636
600 -2.93915231795365e-15
601 0.125581039058616
602 0.250666467128604
603 0.374762629171437
604 0.497379774329704
605 0.618033988749895
606 0.736249105369349
607 0.851558583130145
608 0.963507348203423
609 1.07165358995799
610 1.17557050458494
611 1.27484797949738
612 1.36909421185737
613 1.45793725484282
614 1.54102648555158
615 1.61803398874989
616 1.68865585100403
617 1.75261336008772
618 1.80965410493204
619 1.8595529717765
620 1.90211303259031
621 1.93716632225726
622 1.96457450145738
623 1.98422940262896
624 1.99605345685654
625 2
626 1.99605345685654
627 1.98422940262896
628 1.96457450145738
629 1.93716632225726
630 1.90211303259031
631 1.8595529717765
632 1.80965410493204
633 1.75261336008773
634 1.68865585100403
635 1.6180339887499
636 1.54102648555158
637 1.45793725484283
638 1.36909421185738
639 1.27484797949738
640 1.17557050458495
641 1.07165358995799
642 0.963507348203435
643 0.851558583130144
644 0.736249105369362
645 0.618033988749894
646 0.497379774329717
647 0.37476262917145
648 0.250666467128603
649 0.125581039058629
650 -3.92134567981788e-15
651 -0.125581039058623
652 -0.250666467128611
653 -0.374762629171444
654 -0.497379774329711
655 -0.618033988749888
656 -0.736249105369356
657 -0.851558583130151
658 -0.963507348203429
659 -1.071653589958
660 -1.17557050458494
661 -1.27484797949738
662 -1.36909421185737
663 -1.45793725484282
664 -1.54102648555158
665 -1.61803398874989
666 -1.68865585100403
667 -1.75261336008773
668 -1.80965410493204
669 -1.8595529717765
670 -1.90211303259031
671 -1.93716632225726
672 -1.96457450145738
673 -1.98422940262896
674 -1.99605345685654
675 -2
676 -1.99605345685654
677 -1.98422940262895
678 -1.96457450145738
679 -1.93716632225726
680 -1.90211303259031
681 -1.8595529717765
682 -1.80965410493203
683 -1.75261336008773
684 -1.68865585100403
685 -1.61803398874989
686 -1.54102648555157
687 -1.45793725484282
688 -1.36909421185737
689 -1.27484797949738
690 -1.17557050458494
691 -1.07165358995798
692 -0.963507348203429
693 -0.851558583130137
694 -0.736249105369355
695 -0.618033988749888
696 -0.49737977432971
697 -0.374762629171444
698 -0.25066646712861
699 -0.125581039058622
700 1.07818436775894e-14
701 0.12558103905863
702 0.250666467128618
703 0.374762629171451
704 0.497379774329703
705 0.618033988749881
706 0.736249105369349
707 0.851558583130144
708 0.963507348203423
709 1.07165358995799
710 1.17557050458494
711 1.27484797949738
712 1.36909421185737
713 1.45793725484282
714 1.54102648555157
715 1.61803398874989
716 1.68865585100403
717 1.75261336008772
718 1.80965410493204
719 1.8595529717765
720 1.90211303259031
721 1.93716632225726
722 1.96457450145738
723 1.98422940262895
724 1.99605345685654
725 2
726 1.99605345685654
727 1.98422940262896
728 1.96457450145738
729 1.93716632225726
730 1.90211303259031
731 1.8595529717765
732 1.80965410493204
733 1.75261336008773
734 1.68865585100403
735 1.6180339887499
736 1.54102648555158
737 1.45793725484283
738 1.36909421185738
739 1.27484797949739
740 1.17557050458495
741 1.071653589958
742 0.963507348203435
743 0.851558583130144
744 0.736249105369362
745 0.618033988749895
746 0.497379774329717
747 0.374762629171451
748 0.250666467128618
749 0.12558103905863
750 1.07793677550431e-14
751 -0.125581039058622
752 -0.25066646712861
753 -0.374762629171444
754 -0.49737977432971
755 -0.618033988749888
756 -0.736249105369355
757 -0.851558583130137
758 -0.963507348203429
759 -1.071653589958
760 -1.17557050458494
761 -1.27484797949738
762 -1.36909421185737
763 -1.45793725484282
764 -1.54102648555157
765 -1.61803398874989
766 -1.68865585100403
767 -1.75261336008773
768 -1.80965410493204
769 -1.8595529717765
770 -1.90211303259031
771 -1.93716632225726
772 -1.96457450145738
773 -1.98422940262895
774 -1.99605345685654
775 -2
776 -1.99605345685654
777 -1.98422940262896
778 -1.96457450145738
779 -1.93716632225726
780 -1.90211303259031
781 -1.8595529717765
782 -1.80965410493204
783 -1.75261336008773
784 -1.68865585100403
785 -1.61803398874989
786 -1.54102648555157
787 -1.45793725484282
788 -1.36909421185737
789 -1.27484797949738
790 -1.17557050458494
791 -1.071653589958
792 -0.963507348203429
793 -0.851558583130151
794 -0.736249105369356
795 -0.618033988749888
796 -0.497379774329711
797 -0.374762629171444
798 -0.250666467128611
799 -0.125581039058623
800 -3.91886975727153e-15
801 0.125581039058629
802 0.250666467128617
803 0.37476262917145
804 0.497379774329717
805 0.618033988749894
806 0.736249105369362
807 0.851558583130144
808 0.963507348203435
809 1.07165358995799
810 1.17557050458495
811 1.27484797949739
812 1.36909421185738
813 1.45793725484283
814 1.54102648555158
815 1.6180339887499
816 1.68865585100403
817 1.75261336008773
818 1.80965410493204
819 1.8595529717765
820 1.90211303259031
821 1.93716632225726
822 1.96457450145738
823 1.98422940262896
824 1.99605345685654
825 2
826 1.99605345685654
827 1.98422940262896
828 1.96457450145738
829 1.93716632225726
830 1.90211303259031
831 1.8595529717765
832 1.80965410493204
833 1.75261336008773
834 1.68865585100404
835 1.6180339887499
836 1.54102648555159
837 1.45793725484283
838 1.36909421185738
839 1.27484797949739
840 1.17557050458495
841 1.071653589958
842 0.963507348203435
843 0.851558583130157
844 0.736249105369362
845 0.618033988749895
846 0.497379774329718
847 0.374762629171451
848 0.250666467128618
849 0.12558103905863
850 1.1269226474702e-14
851 -0.125581039058622
852 -0.250666467128596
853 -0.374762629171443
854 -0.49737977432971
855 -0.618033988749887
856 -0.736249105369355
857 -0.851558583130137
858 -0.963507348203428
859 -1.07165358995798
860 -1.17557050458494
861 -1.27484797949737
862 -1.36909421185737
863 -1.45793725484282
864 -1.54102648555157
865 -1.61803398874989
866 -1.68865585100403
867 -1.75261336008773
868 -1.80965410493203
869 -1.8595529717765
870 -1.9021130325903
871 -1.93716632225726
872 -1.96457450145738
873 -1.98422940262895
874 -1.99605345685654
875 -2
876 -1.99605345685654
877 -1.98422940262896
878 -1.96457450145738
879 -1.93716632225726
880 -1.90211303259031
881 -1.8595529717765
882 -1.80965410493204
883 -1.75261336008773
884 -1.68865585100403
885 -1.6180339887499
886 -1.54102648555158
887 -1.45793725484282
888 -1.36909421185737
889 -1.27484797949738
890 -1.17557050458494
891 -1.071653589958
892 -0.963507348203429
893 -0.851558583130151
894 -0.736249105369356
895 -0.618033988749902
896 -0.497379774329711
897 -0.374762629171444
898 -0.250666467128611
899 -0.125581039058623
900 -4.40872847693047e-15
901 0.125581039058629
902 0.250666467128603
903 0.37476262917145
904 0.497379774329703
905 0.618033988749894
906 0.736249105369361
907 0.851558583130143
908 0.963507348203434
909 1.07165358995799
910 1.17557050458495
911 1.27484797949738
912 1.36909421185738
913 1.45793725484282
914 1.54102648555158
915 1.6180339887499
916 1.68865585100403
917 1.75261336008773
918 1.80965410493204
919 1.8595529717765
920 1.90211303259031
921 1.93716632225726
922 1.96457450145738
923 1.98422940262896
924 1.99605345685654
925 2
926 1.99605345685654
927 1.98422940262896
928 1.96457450145738
929 1.93716632225726
930 1.90211303259031
931 1.8595529717765
932 1.80965410493204
933 1.75261336008772
934 1.68865585100403
935 1.61803398874989
936 1.54102648555158
937 1.45793725484282
938 1.36909421185738
939 1.27484797949738
940 1.17557050458494
941 1.07165358995799
942 0.963507348203423
943 0.851558583130145
944 0.73624910536935
945 0.618033988749896
946 0.497379774329704
947 0.374762629171452
948 0.250666467128605
949 0.125581039058617
950 -2.45176952084106e-15
951 -0.125581039058636
952 -0.25066646712861
953 -0.374762629171457
954 -0.497379774329709
955 -0.618033988749901
956 -0.736249105369354
957 -0.851558583130149
958 -0.96350734820344
959 -1.071653589958
960 -1.17557050458494
961 -1.27484797949737
962 -1.36909421185737
963 -1.45793725484281
964 -1.54102648555157
965 -1.61803398874989
966 -1.68865585100403
967 -1.75261336008773
968 -1.80965410493203
969 -1.8595529717765
970 -1.9021130325903
971 -1.93716632225726
972 -1.96457450145737
973 -1.98422940262895
974 -1.99605345685654
975 -2
976 -1.99605345685654
977 -1.98422940262896
978 -1.96457450145738
979 -1.93716632225727
980 -1.90211303259031
981 -1.85955297177651
982 -1.80965410493204
983 -1.75261336008773
984 -1.68865585100403
985 -1.6180339887499
986 -1.54102648555158
987 -1.45793725484282
988 -1.36909421185739
989 -1.27484797949738
990 -1.17557050458496
991 -1.071653589958
992 -0.96350734820343
993 -0.851558583130152
994 -0.736249105369357
995 -0.618033988749903
996 -0.497379774329712
997 -0.374762629171459
998 -0.250666467128612
999 -0.125581039058638
1000 -4.89858719658941e-15
1001 0.125581039058642
1002 0.250666467128602
1003 0.374762629171463
1004 0.497379774329702
1005 0.618033988749907
1006 0.736249105369347
1007 0.851558583130156
1008 0.963507348203421
1009 1.071653589958
1010 1.17557050458495
1011 1.27484797949739
1012 1.36909421185738
1013 1.45793725484283
1014 1.54102648555158
1015 1.6180339887499
1016 1.68865585100403
1017 1.75261336008773
1018 1.80965410493204
1019 1.8595529717765
1020 1.90211303259031
1021 1.93716632225727
1022 1.96457450145738
1023 1.98422940262896
1024 1.99605345685654
1025 2
1026 1.99605345685654
1027 1.98422940262896
1028 1.96457450145738
1029 1.93716632225727
1030 1.90211303259031
1031 1.8595529717765
1032 1.80965410493204
1033 1.75261336008774
1034 1.68865585100404
1035 1.6180339887499
1036 1.54102648555158
1037 1.45793725484284
1038 1.36909421185737
1039 1.27484797949739
1040 1.17557050458495
1041 1.07165358995802
1042 0.963507348203424
1043 0.851558583130158
1044 0.736249105369363
1045 0.618033988749896
1046 0.497379774329705
1047 0.374762629171466
1048 0.250666467128619
1049 0.125581039058631
1050 -1.96191080118212e-15
1051 -0.125581039058607
1052 -0.250666467128623
1053 -0.374762629171442
1054 -0.497379774329709
1055 -0.618033988749873
1056 -0.736249105369367
1057 -0.851558583130136
1058 -0.963507348203427
1059 -1.07165358995797
1060 -1.17557050458495
1061 -1.27484797949737
1062 -1.36909421185737
1063 -1.45793725484282
1064 -1.54102648555158
1065 -1.61803398874989
1066 -1.68865585100403
1067 -1.75261336008773
1068 -1.80965410493204
1069 -1.8595529717765
1070 -1.90211303259031
1071 -1.93716632225726
1072 -1.96457450145738
1073 -1.98422940262895
1074 -1.99605345685654
1075 -2
1076 -1.99605345685654
1077 -1.98422940262896
1078 -1.96457450145738
1079 -1.93716632225727
1080 -1.90211303259031
1081 -1.8595529717765
1082 -1.80965410493204
1083 -1.75261336008773
1084 -1.68865585100403
1085 -1.6180339887499
1086 -1.54102648555158
1087 -1.45793725484284
1088 -1.36909421185736
1089 -1.27484797949738
1090 -1.17557050458494
1091 -1.07165358995801
1092 -0.963507348203418
1093 -0.851558583130152
1094 -0.736249105369357
1095 -0.61803398874989
1096 -0.497379774329698
1097 -0.374762629171459
1098 -0.250666467128612
1099 -0.125581039058624
1100 8.82240879895365e-15
1101 0.125581039058614
1102 0.250666467128602
1103 0.374762629171449
1104 0.497379774329715
1105 0.61803398874988
1106 0.736249105369373
1107 0.851558583130142
1108 0.963507348203433
1109 1.07165358995798
1110 1.17557050458496
1111 1.27484797949737
1112 1.36909421185738
1113 1.45793725484283
1114 1.54102648555159
1115 1.61803398874989
1116 1.68865585100403
1117 1.75261336008773
1118 1.80965410493204
1119 1.8595529717765
1120 1.90211303259031
1121 1.93716632225726
1122 1.96457450145738
1123 1.98422940262895
1124 1.99605345685654
1125 2
1126 1.99605345685654
1127 1.98422940262896
1128 1.96457450145737
1129 1.93716632225726
1130 1.90211303259031
1131 1.8595529717765
1132 1.80965410493203
1133 1.75261336008773
1134 1.68865585100403
1135 1.61803398874989
1136 1.54102648555157
1137 1.45793725484283
1138 1.36909421185738
1139 1.27484797949738
1140 1.17557050458494
1141 1.071653589958
1142 0.963507348203412
1143 0.851558583130146
1144 0.736249105369351
1145 0.61803398874991
1146 0.497379774329692
1147 0.374762629171453
1148 0.250666467128606
1149 0.125581039058617
1150 -1.56829067967252e-14
1151 -0.12558103905862
1152 -0.250666467128609
1153 -0.374762629171456
1154 -0.497379774329694
1155 -0.618033988749886
1156 -0.736249105369353
1157 -0.851558583130149
1158 -0.963507348203414
1159 -1.07165358995798
1160 -1.17557050458494
1161 -1.27484797949738
1162 -1.36909421185736
1163 -1.45793725484281
1164 -1.54102648555157
1165 -1.61803398874989
1166 -1.68865585100402
1167 -1.75261336008773
1168 -1.80965410493203
1169 -1.8595529717765
1170 -1.9021130325903
1171 -1.93716632225726
1172 -1.96457450145737
1173 -1.98422940262895
1174 -1.99605345685654
1175 -2
1176 -1.99605345685654
1177 -1.98422940262896
1178 -1.96457450145738
1179 -1.93716632225726
1180 -1.90211303259031
1181 -1.85955297177651
1182 -1.80965410493204
1183 -1.75261336008773
1184 -1.68865585100404
1185 -1.61803398874989
1186 -1.54102648555158
1187 -1.45793725484283
1188 -1.3690942118574
1189 -1.27484797949737
1190 -1.17557050458496
1191 -1.071653589958
1192 -0.963507348203431
1193 -0.85155858313014
1194 -0.736249105369371
1195 -0.618033988749904
1196 -0.497379774329712
1197 -0.374762629171446
1198 -0.250666467128627
1199 -0.125581039058611
1200 -5.8783046359073e-15
1201 0.125581039058627
1202 0.250666467128587
1203 0.374762629171462
1204 0.497379774329701
1205 0.618033988749893
1206 0.736249105369333
1207 0.851558583130155
1208 0.96350734820342
1209 1.07165358995799
1210 1.17557050458495
1211 1.27484797949739
1212 1.36909421185737
1213 1.45793725484282
1214 1.54102648555158
1215 1.6180339887499
1216 1.68865585100402
1217 1.75261336008774
1218 1.80965410493204
1219 1.8595529717765
1220 1.9021130325903
1221 1.93716632225727
1222 1.96457450145738
1223 1.98422940262896
1224 1.99605345685654
1225 2
1226 1.99605345685654
1227 1.98422940262896
1228 1.96457450145738
1229 1.93716632225726
1230 1.90211303259031
1231 1.85955297177651
1232 1.80965410493204
1233 1.75261336008772
1234 1.68865585100404
1235 1.61803398874988
1236 1.54102648555158
1237 1.45793725484282
1238 1.36909421185739
1239 1.27484797949737
1240 1.17557050458495
1241 1.07165358995799
1242 0.963507348203425
1243 0.851558583130133
1244 0.736249105369364
1245 0.618033988749897
1246 0.497379774329706
1247 0.374762629171439
1248 0.25066646712862
1249 0.125581039058632
1250 -9.82193361864236e-16
1251 -0.125581039058634
1252 -0.250666467128594
1253 -0.374762629171469
1254 -0.497379774329708
1255 -0.618033988749899
1256 -0.73624910536934
1257 -0.851558583130161
1258 -0.963507348203426
1259 -1.07165358995799
1260 -1.17557050458495
1261 -1.27484797949739
1262 -1.36909421185737
1263 -1.45793725484282
1264 -1.54102648555158
1265 -1.6180339887499
1266 -1.68865585100402
1267 -1.75261336008773
1268 -1.80965410493204
1269 -1.85955297177651
1270 -1.9021130325903
1271 -1.93716632225727
1272 -1.96457450145738
1273 -1.98422940262896
1274 -1.99605345685654
1275 -2
1276 -1.99605345685654
1277 -1.98422940262896
1278 -1.96457450145738
1279 -1.93716632225726
1280 -1.90211303259031
1281 -1.85955297177651
1282 -1.80965410493204
1283 -1.75261336008773
1284 -1.68865585100404
1285 -1.6180339887499
1286 -1.54102648555158
1287 -1.45793725484284
1288 -1.36909421185739
1289 -1.27484797949738
1290 -1.17557050458495
1291 -1.07165358995801
1292 -0.963507348203444
1293 -0.851558583130153
1294 -0.736249105369358
1295 -0.618033988749918
1296 -0.497379774329699
1297 -0.37476262917146
1298 -0.250666467128613
1299 -0.125581039058654
1300 7.84269135963577e-15
1301 0.125581039058613
1302 0.250666467128601
1303 0.374762629171448
1304 0.497379774329714
1305 0.618033988749879
1306 0.736249105369346
1307 0.851558583130141
1308 0.963507348203432
1309 1.07165358995798
1310 1.17557050458494
1311 1.27484797949737
1312 1.36909421185738
1313 1.45793725484281
1314 1.54102648555159
1315 1.61803398874989
1316 1.68865585100403
1317 1.75261336008771
1318 1.80965410493204
1319 1.8595529717765
1320 1.90211303259031
1321 1.93716632225726
1322 1.96457450145738
1323 1.98422940262895
1324 1.99605345685654
1325 2
1326 1.99605345685654
1327 1.98422940262896
1328 1.96457450145737
1329 1.93716632225726
1330 1.90211303259031
1331 1.85955297177651
1332 1.80965410493203
1333 1.75261336008773
1334 1.68865585100403
1335 1.61803398874991
1336 1.54102648555157
1337 1.45793725484283
1338 1.36909421185738
1339 1.27484797949738
1340 1.17557050458494
1341 1.07165358995801
1342 0.963507348203438
1343 0.851558583130147
1344 0.736249105369352
1345 0.618033988749911
1346 0.497379774329693
1347 0.374762629171454
1348 0.250666467128607
1349 0.125581039058647
1350 -1.47031893574073e-14
1351 -0.125581039058619
1352 -0.250666467128608
1353 -0.374762629171427
1354 -0.497379774329721
1355 -0.618033988749885
1356 -0.736249105369352
1357 -0.851558583130148
1358 -0.963507348203438
1359 -1.07165358995798
1360 -1.17557050458494
1361 -1.27484797949738
1362 -1.36909421185738
1363 -1.45793725484281
1364 -1.54102648555159
1365 -1.61803398874989
1366 -1.68865585100403
1367 -1.75261336008772
1368 -1.80965410493205
1369 -1.8595529717765
1370 -1.90211303259031
1371 -1.93716632225726
1372 -1.96457450145738
1373 -1.98422940262895
1374 -1.99605345685654
1375 -2
1376 -1.99605345685654
1377 -1.98422940262896
1378 -1.96457450145738
1379 -1.93716632225726
1380 -1.9021130325903
1381 -1.85955297177651
1382 -1.80965410493203
1383 -1.75261336008773
1384 -1.68865585100403
1385 -1.61803398874991
1386 -1.54102648555157
1387 -1.45793725484283
1388 -1.36909421185738
1389 -1.27484797949737
1390 -1.17557050458493
1391 -1.071653589958
1392 -0.963507348203432
1393 -0.851558583130141
1394 -0.736249105369345
1395 -0.618033988749905
1396 -0.497379774329713
1397 -0.374762629171447
1398 -0.2506664671286
1399 -0.12558103905864
1400 2.15636873551788e-14
1401 0.125581039058626
1402 0.250666467128614
1403 0.374762629171433
1404 0.497379774329728
1405 0.618033988749892
1406 0.736249105369359
1407 0.851558583130154
1408 0.96350734820342
1409 1.07165358995799
1410 1.17557050458492
1411 1.27484797949738
1412 1.36909421185737
1413 1.45793725484282
1414 1.54102648555158
1415 1.6180339887499
1416 1.68865585100402
1417 1.75261336008772
1418 1.80965410493204
1419 1.8595529717765
1420 1.9021130325903
1421 1.93716632225726
1422 1.96457450145738
1423 1.98422940262896
1424 1.99605345685654
1425 2
1426 1.99605345685654
1427 1.98422940262896
1428 1.96457450145738
1429 1.93716632225726
1430 1.90211303259031
1431 1.85955297177651
1432 1.80965410493204
1433 1.75261336008772
1434 1.68865585100404
1435 1.6180339887499
1436 1.54102648555158
1437 1.45793725484282
1438 1.36909421185739
1439 1.27484797949739
1440 1.17557050458495
1441 1.07165358995799
1442 0.96350734820345
1443 0.851558583130134
1444 0.736249105369365
1445 0.618033988749898
1446 0.497379774329734
1447 0.37476262917144
1448 0.250666467128621
1449 0.125581039058633
1450 -2.47592254635343e-18
1451 -0.125581039058633
1452 -0.250666467128593
1453 -0.37476262917144
1454 -0.497379774329707
1455 -0.618033988749898
1456 -0.736249105369339
1457 -0.851558583130134
1458 -0.963507348203426
1459 -1.07165358995799
1460 -1.17557050458493
1461 -1.27484797949739
1462 -1.36909421185737
1463 -1.45793725484282
1464 -1.54102648555156
1465 -1.6180339887499
1466 -1.68865585100402
1467 -1.75261336008772
1468 -1.80965410493204
1469 -1.85955297177651
1470 -1.9021130325903
1471 -1.93716632225726
1472 -1.96457450145738
1473 -1.98422940262896
1474 -1.99605345685654
1475 -2
1476 -1.99605345685654
1477 -1.98422940262896
1478 -1.96457450145738
1479 -1.93716632225726
1480 -1.90211303259031
1481 -1.8595529717765
1482 -1.80965410493205
1483 -1.75261336008772
1484 -1.68865585100404
1485 -1.6180339887499
1486 -1.54102648555158
1487 -1.45793725484282
1488 -1.36909421185739
1489 -1.27484797949738
1490 -1.17557050458495
1491 -1.07165358995799
1492 -0.963507348203444
1493 -0.851558583130128
1494 -0.736249105369359
1495 -0.618033988749892
1496 -0.497379774329728
1497 -0.374762629171433
1498 -0.250666467128614
1499 -0.125581039058626
1500 -2.15587355100861e-14
1501 0.12558103905864
1502 0.2506664671286
1503 0.374762629171447
1504 0.497379774329713
1505 0.618033988749905
1506 0.736249105369345
1507 0.851558583130141
1508 0.963507348203432
1509 1.071653589958
1510 1.17557050458493
1511 1.2748479794974
1512 1.36909421185738
1513 1.45793725484283
1514 1.54102648555157
1515 1.61803398874991
1516 1.68865585100403
1517 1.75261336008773
1518 1.80965410493204
1519 1.85955297177651
1520 1.9021130325903
1521 1.93716632225726
1522 1.96457450145738
1523 1.98422940262896
1524 1.99605345685654
1525 2
1526 1.99605345685654
1527 1.98422940262895
1528 1.96457450145738
1529 1.93716632225726
1530 1.90211303259031
1531 1.8595529717765
1532 1.80965410493205
1533 1.75261336008772
1534 1.68865585100403
1535 1.61803398874989
1536 1.54102648555157
1537 1.45793725484283
1538 1.36909421185738
1539 1.2748479794974
1540 1.17557050458494
1541 1.07165358995801
1542 0.963507348203438
1543 0.851558583130148
1544 0.736249105369352
1545 0.618033988749912
1546 0.497379774329721
1547 0.374762629171455
1548 0.250666467128608
1549 0.125581039058648
1550 1.46982375123146e-14
1551 -0.125581039058618
1552 -0.250666467128607
1553 -0.374762629171426
1554 -0.49737977432972
1555 -0.618033988749884
1556 -0.736249105369352
1557 -0.851558583130121
1558 -0.963507348203438
1559 -1.07165358995798
1560 -1.17557050458494
1561 -1.27484797949738
1562 -1.36909421185738
1563 -1.45793725484281
1564 -1.54102648555157
1565 -1.61803398874989
1566 -1.68865585100403
1567 -1.75261336008772
1568 -1.80965410493203
1569 -1.8595529717765
1570 -1.90211303259031
1571 -1.93716632225726
1572 -1.96457450145738
1573 -1.98422940262895
1574 -1.99605345685654
1575 -2
1576 -1.99605345685654
1577 -1.98422940262896
1578 -1.96457450145738
1579 -1.93716632225726
1580 -1.90211303259031
1581 -1.85955297177651
1582 -1.80965410493204
1583 -1.75261336008773
1584 -1.68865585100403
1585 -1.61803398874991
1586 -1.54102648555159
1587 -1.45793725484283
1588 -1.36909421185738
1589 -1.2748479794974
1590 -1.17557050458494
1591 -1.071653589958
1592 -0.963507348203432
1593 -0.851558583130167
1594 -0.736249105369346
1595 -0.618033988749906
1596 -0.497379774329714
1597 -0.374762629171448
1598 -0.250666467128601
1599 -0.125581039058641
1600 -7.83773951454306e-15
1601 0.125581039058625
1602 0.250666467128613
1603 0.374762629171432
1604 0.497379774329727
1605 0.618033988749891
1606 0.736249105369358
1607 0.851558583130127
1608 0.963507348203444
1609 1.07165358995799
1610 1.17557050458495
1611 1.27484797949736
1612 1.36909421185739
1613 1.45793725484282
1614 1.54102648555158
1615 1.6180339887499
1616 1.68865585100404
1617 1.75261336008772
1618 1.80965410493204
1619 1.8595529717765
1620 1.90211303259031
1621 1.93716632225726
1622 1.96457450145738
1623 1.98422940262896
1624 1.99605345685654
1625 2
1626 1.99605345685654
1627 1.98422940262896
1628 1.96457450145738
1629 1.93716632225727
1630 1.9021130325903
1631 1.85955297177651
1632 1.80965410493204
1633 1.75261336008773
1634 1.68865585100402
1635 1.6180339887499
1636 1.54102648555158
1637 1.45793725484282
1638 1.36909421185737
1639 1.27484797949739
1640 1.17557050458493
1641 1.07165358995799
1642 0.963507348203426
1643 0.851558583130161
1644 0.73624910536934
1645 0.618033988749899
1646 0.497379774329708
1647 0.374762629171441
1648 0.250666467128594
1649 0.125581039058634
1650 9.77241516771529e-16
1651 -0.125581039058632
1652 -0.25066646712862
1653 -0.374762629171439
1654 -0.497379774329706
1655 -0.618033988749897
1656 -0.736249105369364
1657 -0.851558583130133
1658 -0.96350734820345
1659 -1.07165358995799
1660 -1.17557050458495
1661 -1.27484797949737
1662 -1.36909421185739
1663 -1.45793725484282
1664 -1.54102648555158
1665 -1.6180339887499
1666 -1.68865585100402
1667 -1.75261336008772
1668 -1.80965410493203
1669 -1.85955297177651
1670 -1.9021130325903
1671 -1.93716632225726
1672 -1.96457450145737
1673 -1.98422940262896
1674 -1.99605345685654
1675 -2
1676 -1.99605345685654
1677 -1.98422940262896
1678 -1.96457450145738
1679 -1.93716632225727
1680 -1.90211303259031
1681 -1.8595529717765
1682 -1.80965410493205
1683 -1.75261336008772
1684 -1.68865585100404
1685 -1.6180339887499
1686 -1.5410264855516
1687 -1.45793725484282
1688 -1.36909421185739
1689 -1.27484797949739
1690 -1.17557050458495
1691 -1.07165358995799
1692 -0.963507348203445
1693 -0.851558583130155
1694 -0.73624910536936
1695 -0.618033988749893
1696 -0.497379774329729
1697 -0.374762629171462
1698 -0.250666467128615
1699 -0.125581039058627
1700 -2.2538452949404e-14
1701 0.125581039058639
1702 0.250666467128599
1703 0.374762629171446
1704 0.497379774329685
1705 0.618033988749904
1706 0.736249105369344
1707 0.85155858313014
1708 0.963507348203431
1709 1.071653589958
1710 1.17557050458493
1711 1.27484797949737
1712 1.36909421185738
1713 1.45793725484283
1714 1.54102648555157
1715 1.61803398874989
1716 1.68865585100403
1717 1.75261336008773
1718 1.80965410493203
1719 1.85955297177651
1720 1.9021130325903
1721 1.93716632225726
1722 1.96457450145737
1723 1.98422940262896
1724 1.99605345685654
1725 2
1726 1.99605345685654
1727 1.98422940262895
1728 1.96457450145738
1729 1.93716632225726
1730 1.90211303259031
1731 1.8595529717765
1732 1.80965410493205
1733 1.75261336008773
1734 1.68865585100403
1735 1.61803398874989
1736 1.54102648555159
1737 1.45793725484281
1738 1.36909421185738
1739 1.27484797949738
1740 1.17557050458496
1741 1.07165358995798
1742 0.963507348203439
1743 0.851558583130149
1744 0.736249105369353
1745 0.618033988749886
1746 0.497379774329722
1747 0.374762629171456
1748 0.250666467128609
1749 0.12558103905862
1750 1.56779549516325e-14
1751 -0.125581039058646
1752 -0.250666467128606
1753 -0.374762629171453
1754 -0.497379774329692
1755 -0.61803398874991
1756 -0.736249105369351
1757 -0.851558583130146
1758 -0.963507348203412
1759 -1.071653589958
1760 -1.17557050458494
1761 -1.27484797949738
1762 -1.36909421185738
1763 -1.45793725484283
1764 -1.54102648555157
1765 -1.61803398874989
1766 -1.68865585100403
1767 -1.75261336008773
1768 -1.80965410493203
1769 -1.85955297177651
1770 -1.90211303259031
1771 -1.93716632225726
1772 -1.96457450145737
1773 -1.98422940262896
1774 -1.99605345685654
1775 -2
1776 -1.99605345685654
1777 -1.98422940262895
1778 -1.96457450145738
1779 -1.93716632225726
1780 -1.90211303259031
1781 -1.8595529717765
1782 -1.80965410493204
1783 -1.75261336008773
1784 -1.68865585100403
1785 -1.61803398874989
1786 -1.54102648555159
1787 -1.45793725484281
1788 -1.36909421185738
1789 -1.27484797949737
1790 -1.17557050458496
1791 -1.07165358995798
1792 -0.963507348203433
1793 -0.851558583130168
1794 -0.736249105369347
1795 -0.618033988749907
1796 -0.497379774329715
1797 -0.374762629171477
1798 -0.250666467128602
1799 -0.125581039058642
1800 -8.81745695386094e-15
1801 0.125581039058596
1802 0.250666467128612
1803 0.374762629171431
1804 0.497379774329698
1805 0.61803398874989
1806 0.736249105369357
1807 0.851558583130126
1808 0.963507348203418
1809 1.07165358995799
1810 1.17557050458494
1811 1.27484797949736
1812 1.36909421185739
1813 1.45793725484282
1814 1.54102648555158
1815 1.61803398874988
1816 1.68865585100403
1817 1.75261336008772
1818 1.80965410493204
1819 1.8595529717765
1820 1.90211303259031
1821 1.93716632225726
1822 1.96457450145738
1823 1.98422940262896
1824 1.99605345685654
1825 2
1826 1.99605345685654
1827 1.98422940262896
1828 1.96457450145738
1829 1.93716632225727
1830 1.9021130325903
1831 1.85955297177651
1832 1.80965410493204
1833 1.75261336008774
1834 1.68865585100403
1835 1.6180339887499
1836 1.54102648555158
1837 1.45793725484282
1838 1.36909421185737
1839 1.27484797949739
1840 1.17557050458495
1841 1.071653589958
1842 0.963507348203427
1843 0.851558583130162
1844 0.736249105369367
1845 0.6180339887499
1846 0.497379774329709
1847 0.37476262917147
1848 0.250666467128595
1849 0.125581039058635
1850 1.95695895608941e-15
1851 -0.125581039058603
1852 -0.250666467128619
1853 -0.374762629171438
1854 -0.497379774329705
1855 -0.618033988749896
1856 -0.736249105369363
1857 -0.851558583130133
1858 -0.963507348203424
1859 -1.07165358995799
1860 -1.17557050458495
1861 -1.27484797949737
1862 -1.36909421185737
1863 -1.45793725484282
1864 -1.54102648555158
1865 -1.61803398874988
1866 -1.68865585100404
1867 -1.75261336008772
1868 -1.80965410493204
1869 -1.85955297177649
1870 -1.90211303259031
1871 -1.93716632225726
1872 -1.96457450145738
1873 -1.98422940262896
1874 -1.99605345685654
1875 -2
1876 -1.99605345685654
1877 -1.98422940262896
1878 -1.96457450145738
1879 -1.93716632225727
1880 -1.9021130325903
1881 -1.8595529717765
1882 -1.80965410493204
1883 -1.75261336008774
1884 -1.68865585100402
1885 -1.6180339887499
1886 -1.54102648555158
1887 -1.45793725484284
1888 -1.36909421185737
1889 -1.27484797949739
1890 -1.17557050458495
1891 -1.07165358995799
1892 -0.963507348203421
1893 -0.851558583130156
1894 -0.736249105369361
1895 -0.618033988749894
1896 -0.497379774329702
1897 -0.374762629171463
1898 -0.250666467128588
1899 -0.125581039058628
1900 4.90353904168212e-15
1901 0.12558103905861
1902 0.250666467128626
1903 0.374762629171445
1904 0.497379774329712
1905 0.618033988749876
1906 0.73624910536937
1907 0.851558583130139
1908 0.96350734820343
1909 1.071653589958
1910 1.17557050458496
1911 1.27484797949737
1912 1.36909421185737
1913 1.45793725484282
1914 1.54102648555158
1915 1.61803398874989
1916 1.68865585100404
1917 1.75261336008773
1918 1.80965410493204
1919 1.8595529717765
1920 1.9021130325903
1921 1.93716632225726
1922 1.96457450145737
1923 1.98422940262896
1924 1.99605345685654
1925 2
1926 1.99605345685654
1927 1.98422940262895
1928 1.96457450145738
1929 1.93716632225726
1930 1.90211303259032
1931 1.8595529717765
1932 1.80965410493205
1933 1.75261336008773
1934 1.68865585100403
1935 1.61803398874989
1936 1.54102648555159
1937 1.45793725484283
1938 1.36909421185738
1939 1.27484797949738
1940 1.17557050458497
1941 1.07165358995798
1942 0.96350734820344
1943 0.851558583130149
1944 0.736249105369381
1945 0.618033988749887
1946 0.497379774329723
1947 0.374762629171457
1948 0.250666467128638
1949 0.125581039058621
1950 1.66576723909504e-14
1951 -0.125581039058617
1952 -0.250666467128605
1953 -0.374762629171452
1954 -0.497379774329691
1955 -0.618033988749882
1956 -0.73624910536935
1957 -0.851558583130145
1958 -0.963507348203411
1959 -1.071653589958
1960 -1.17557050458494
1961 -1.27484797949738
1962 -1.36909421185736
1963 -1.45793725484283
1964 -1.54102648555157
1965 -1.61803398874989
1966 -1.68865585100403
1967 -1.75261336008773
1968 -1.80965410493203
1969 -1.8595529717765
1970 -1.90211303259031
1971 -1.93716632225726
1972 -1.96457450145737
1973 -1.98422940262895
1974 -1.99605345685654
1975 -2
1976 -1.99605345685654
1977 -1.98422940262895
1978 -1.96457450145738
1979 -1.93716632225726
1980 -1.90211303259031
1981 -1.8595529717765
1982 -1.80965410493204
1983 -1.75261336008773
1984 -1.68865585100403
1985 -1.61803398874989
1986 -1.54102648555159
1987 -1.45793725484283
1988 -1.36909421185738
1989 -1.27484797949738
1990 -1.17557050458496
1991 -1.071653589958
1992 -0.963507348203434
1993 -0.851558583130143
1994 -0.736249105369374
1995 -0.61803398874988
1996 -0.497379774329716
1997 -0.37476262917145
1998 -0.250666467128631
1999 -0.125581039058615
2000 -9.79717439317883e-15
2001 0.125581039058595
2002 0.25066646712864
2003 0.374762629171458
2004 0.497379774329697
2005 0.618033988749862
2006 0.736249105369382
2007 0.851558583130151
2008 0.963507348203417
2009 1.07165358995799
2010 1.17557050458497
2011 1.27484797949738
2012 1.36909421185736
2013 1.45793725484281
2014 1.54102648555159
2015 1.6180339887499
2016 1.68865585100402
2017 1.75261336008772
2018 1.80965410493205
2019 1.8595529717765
2020 1.90211303259031
2021 1.93716632225726
2022 1.96457450145738
2023 1.98422940262896
2024 1.99605345685654
2025 2
2026 1.99605345685654
2027 1.98422940262895
2028 1.96457450145738
2029 1.93716632225727
2030 1.9021130325903
2031 1.8595529717765
2032 1.80965410493204
2033 1.75261336008774
2034 1.68865585100403
2035 1.61803398874989
2036 1.54102648555158
2037 1.45793725484284
2038 1.36909421185737
2039 1.27484797949737
2040 1.17557050458493
2041 1.07165358995802
2042 0.963507348203403
2043 0.851558583130163
2044 0.736249105369368
2045 0.618033988749901
2046 0.49737977432971
2047 0.374762629171443
2048 0.250666467128596
2049 0.125581039058664
2050 3.13583858258113e-14
2051 -0.125581039058659
2052 -0.25066646712859
2053 -0.374762629171437
2054 -0.497379774329704
2055 -0.618033988749895
2056 -0.736249105369362
2057 -0.851558583130106
2058 -0.963507348203398
2059 -1.07165358995802
2060 -1.17557050458493
2061 -1.27484797949737
2062 -1.36909421185737
2063 -1.45793725484282
2064 -1.54102648555158
2065 -1.6180339887499
2066 -1.68865585100401
2067 -1.75261336008774
2068 -1.80965410493203
2069 -1.85955297177649
2070 -1.9021130325903
2071 -1.93716632225726
2072 -1.96457450145738
2073 -1.98422940262896
2074 -1.99605345685654
2075 -2
2076 -1.99605345685654
2077 -1.98422940262896
2078 -1.96457450145738
2079 -1.93716632225725
2080 -1.90211303259031
2081 -1.8595529717765
2082 -1.80965410493206
2083 -1.75261336008772
2084 -1.68865585100402
2085 -1.61803398874992
2086 -1.5410264855516
2087 -1.4579372548428
2088 -1.36909421185739
2089 -1.27484797949739
2090 -1.17557050458495
2091 -1.07165358995799
2092 -0.963507348203422
2093 -0.851558583130182
2094 -0.736249105369388
2095 -0.618033988749867
2096 -0.497379774329731
2097 -0.374762629171464
2098 -0.250666467128617
2099 -0.125581039058629
2100 3.92382160236424e-15
2101 0.125581039058637
2102 0.250666467128569
2103 0.374762629171472
2104 0.497379774329738
2105 0.618033988749875
2106 0.736249105369342
2107 0.851558583130138
2108 0.963507348203429
2109 1.071653589958
2110 1.17557050458491
2111 1.27484797949739
2112 1.36909421185739
2113 1.4579372548428
2114 1.54102648555157
2115 1.61803398874992
2116 1.68865585100403
2117 1.75261336008773
2118 1.80965410493202
2119 1.85955297177651
2120 1.90211303259031
2121 1.93716632225725
2122 1.96457450145737
2123 1.98422940262896
2124 1.99605345685654
2125 2
2126 1.99605345685654
2127 1.98422940262895
2128 1.96457450145737
2129 1.93716632225727
2130 1.90211303259032
2131 1.85955297177649
2132 1.80965410493205
2133 1.75261336008773
2134 1.68865585100403
2135 1.61803398874989
2136 1.54102648555157
2137 1.45793725484281
2138 1.3690942118574
2139 1.27484797949736
2140 1.17557050458492
2141 1.07165358995801
2142 0.963507348203441
2143 0.85155858313015
2144 0.736249105369355
2145 0.618033988749888
2146 0.497379774329751
2147 0.37476262917143
2148 0.250666467128582
2149 0.125581039058651
2150 1.76373898302682e-14
2151 -0.125581039058672
2152 -0.250666467128604
2153 -0.374762629171451
2154 -0.497379774329662
2155 -0.618033988749908
2156 -0.736249105369375
2157 -0.851558583130118
2158 -0.96350734820341
2159 -1.07165358995803
2160 -1.17557050458494
2161 -1.27484797949738
2162 -1.36909421185738
2163 -1.45793725484283
2164 -1.54102648555159
2165 -1.61803398874991
2166 -1.68865585100401
2167 -1.75261336008774
2168 -1.80965410493203
2169 -1.8595529717765
2170 -1.90211303259031
2171 -1.93716632225726
2172 -1.96457450145738
2173 -1.98422940262896
2174 -1.99605345685654
2175 -2
2176 -1.99605345685654
2177 -1.98422940262896
2178 -1.96457450145738
2179 -1.93716632225728
2180 -1.90211303259031
2181 -1.8595529717765
2182 -1.80965410493206
2183 -1.75261336008774
2184 -1.68865585100401
2185 -1.61803398874991
2186 -1.54102648555159
2187 -1.45793725484283
2188 -1.36909421185738
2189 -1.27484797949738
2190 -1.17557050458494
2191 -1.07165358995803
2192 -0.96350734820341
2193 -0.85155858313017
2194 -0.736249105369375
2195 -0.618033988749908
2196 -0.497379774329717
2197 -0.374762629171451
2198 -0.250666467128604
2199 -0.125581039058672
2200 1.76448175979073e-14
2201 0.125581039058651
2202 0.250666467128582
2203 0.37476262917143
2204 0.497379774329696
2205 0.618033988749888
2206 0.736249105369355
2207 0.851558583130099
2208 0.963507348203441
2209 1.07165358995801
2210 1.17557050458492
2211 1.27484797949736
2212 1.3690942118574
2213 1.45793725484281
2214 1.54102648555157
2215 1.61803398874986
2216 1.68865585100403
2217 1.75261336008773
2218 1.80965410493202
2219 1.85955297177649
2220 1.90211303259032
2221 1.93716632225726
2222 1.96457450145737
2223 1.98422940262895
2224 1.99605345685654
2225 2
2226 1.99605345685654
2227 1.98422940262896
2228 1.96457450145737
2229 1.93716632225727
2230 1.90211303259031
2231 1.85955297177651
2232 1.80965410493204
2233 1.75261336008773
2234 1.68865585100403
2235 1.61803398874992
2236 1.54102648555157
2237 1.4579372548428
2238 1.36909421185739
2239 1.27484797949739
2240 1.17557050458496
2241 1.071653589958
2242 0.963507348203429
2243 0.851558583130189
2244 0.736249105369342
2245 0.618033988749875
2246 0.497379774329738
2247 0.374762629171472
2248 0.250666467128569
2249 0.125581039058637
2250 3.91639383472518e-15
2251 -0.125581039058629
2252 -0.250666467128617
2253 -0.374762629171464
2254 -0.497379774329676
2255 -0.618033988749867
2256 -0.736249105369388
2257 -0.851558583130131
2258 -0.963507348203422
2259 -1.07165358995799
2260 -1.17557050458495
2261 -1.27484797949739
2262 -1.36909421185739
2263 -1.4579372548428
2264 -1.5410264855516
2265 -1.61803398874988
2266 -1.68865585100402
2267 -1.75261336008772
2268 -1.80965410493204
2269 -1.8595529717765
2270 -1.90211303259031
2271 -1.93716632225725
2272 -1.96457450145738
2273 -1.98422940262896
2274 -1.99605345685654
2275 -2
2276 -1.99605345685654
2277 -1.98422940262896
2278 -1.96457450145738
2279 -1.93716632225727
2280 -1.9021130325903
2281 -1.85955297177649
2282 -1.80965410493205
2283 -1.75261336008774
2284 -1.68865585100401
2285 -1.6180339887499
2286 -1.54102648555158
2287 -1.45793725484282
2288 -1.36909421185737
2289 -1.27484797949737
2290 -1.17557050458497
2291 -1.07165358995802
2292 -0.963507348203398
2293 -0.851558583130157
2294 -0.736249105369362
2295 -0.618033988749895
2296 -0.497379774329704
2297 -0.374762629171437
2298 -0.25066646712859
2299 -0.125581039058659
2300 3.13658135934504e-14
2301 0.125581039058608
2302 0.250666467128596
2303 0.374762629171443
2304 0.49737977432971
2305 0.618033988749901
2306 0.736249105369368
2307 0.851558583130111
2308 0.963507348203403
2309 1.07165358995802
2310 1.17557050458493
2311 1.27484797949737
2312 1.36909421185737
2313 1.45793725484282
2314 1.54102648555158
2315 1.61803398874987
2316 1.68865585100401
2317 1.75261336008774
2318 1.80965410493203
2319 1.8595529717765
2320 1.9021130325903
2321 1.93716632225726
2322 1.96457450145738
2323 1.98422940262896
2324 1.99605345685654
2325 2
2326 1.99605345685654
2327 1.98422940262896
2328 1.96457450145738
2329 1.93716632225726
2330 1.90211303259031
2331 1.8595529717765
2332 1.80965410493206
2333 1.75261336008772
2334 1.68865585100402
2335 1.61803398874991
2336 1.54102648555159
2337 1.4579372548428
2338 1.36909421185738
2339 1.27484797949738
2340 1.17557050458499
2341 1.07165358995799
2342 0.963507348203417
2343 0.851558583130177
2344 0.736249105369382
2345 0.618033988749862
2346 0.497379774329725
2347 0.374762629171458
2348 0.250666467128611
2349 0.125581039058623
2350 -9.80460216081789e-15
2351 -0.125581039058586
2352 -0.250666467128574
2353 -0.374762629171478
2354 -0.497379774329689
2355 -0.61803398874988
2356 -0.736249105369348
2357 -0.851558583130143
2358 -0.963507348203434
2359 -1.071653589958
2360 -1.17557050458491
2361 -1.2748479794974
2362 -1.36909421185736
2363 -1.45793725484281
2364 -1.54102648555157
2365 -1.61803398874989
2366 -1.68865585100403
2367 -1.75261336008773
2368 -1.80965410493202
2369 -1.85955297177651
2370 -1.90211303259031
2371 -1.93716632225726
2372 -1.96457450145737
2373 -1.98422940262896
2374 -1.99605345685654
2375 -2
2376 -1.99605345685655
2377 -1.98422940262895
2378 -1.96457450145737
2379 -1.93716632225727
2380 -1.90211303259032
2381 -1.85955297177649
2382 -1.80965410493204
2383 -1.75261336008773
2384 -1.68865585100403
2385 -1.61803398874989
2386 -1.54102648555157
2387 -1.45793725484285
2388 -1.3690942118574
2389 -1.27484797949736
2390 -1.17557050458496
2391 -1.071653589958
2392 -0.963507348203436
2393 -0.851558583130145
2394 -0.73624910536935
2395 -0.618033988749882
2396 -0.497379774329746
2397 -0.374762629171424
2398 -0.250666467128576
2399 -0.125581039058645
2400 -1.17566092718146e-14
2401 0.125581039058621
2402 0.25066646712861
2403 0.374762629171457
2404 0.497379774329668
2405 0.618033988749914
2406 0.736249105369381
2407 0.851558583130124
2408 0.963507348203415
2409 1.07165358995803
2410 1.17557050458494
2411 1.27484797949738
2412 1.36909421185734
2413 1.45793725484283
2414 1.54102648555159
2415 1.61803398874988
2416 1.68865585100402
2417 1.75261336008775
2418 1.80965410493203
2419 1.8595529717765
2420 1.90211303259031
2421 1.93716632225726
2422 1.96457450145738
2423 1.98422940262896
2424 1.99605345685654
2425 2
2426 1.99605345685654
2427 1.98422940262896
2428 1.96457450145738
2429 1.93716632225726
2430 1.9021130325903
2431 1.8595529717765
2432 1.80965410493205
2433 1.75261336008774
2434 1.68865585100401
2435 1.6180339887499
2436 1.54102648555158
2437 1.45793725484286
2438 1.36909421185737
2439 1.27484797949737
2440 1.17557050458498
2441 1.07165358995802
2442 0.963507348203405
2443 0.851558583130165
2444 0.73624910536937
2445 0.618033988749903
2446 0.497379774329712
2447 0.374762629171445
2448 0.250666467128654
2449 0.125581039058666
2450 -2.35255981563609e-14
2451 -0.1255810390586
2452 -0.250666467128588
2453 -0.374762629171435
2454 -0.497379774329702
2455 -0.618033988749894
2456 -0.736249105369361
2457 -0.851558583130104
2458 -0.963507348203446
2459 -1.07165358995801
2460 -1.17557050458492
2461 -1.27484797949736
2462 -1.36909421185737
2463 -1.45793725484282
2464 -1.54102648555158
2465 -1.61803398874986
2466 -1.68865585100404
2467 -1.75261336008774
2468 -1.80965410493203
2469 -1.85955297177649
2470 -1.90211303259032
2471 -1.93716632225726
2472 -1.96457450145738
2473 -1.98422940262895
2474 -1.99605345685654
2475 -2
2476 -1.99605345685655
2477 -1.98422940262896
2478 -1.96457450145737
2479 -1.93716632225727
2480 -1.90211303259031
2481 -1.8595529717765
2482 -1.80965410493204
2483 -1.75261336008772
2484 -1.68865585100402
2485 -1.61803398874992
2486 -1.54102648555156
2487 -1.45793725484284
2488 -1.36909421185739
2489 -1.27484797949739
2490 -1.17557050458495
2491 -1.07165358995799
2492 -0.963507348203424
2493 -0.851558583130184
2494 -0.736249105369337
2495 -0.618033988749869
2496 -0.497379774329732
2497 -0.374762629171466
2498 -0.250666467128619
2499 -0.125581039058631
2500 1.96438672372847e-15
2501 0.125581039058578
2502 0.250666467128623
2503 0.37476262917147
2504 0.497379774329681
2505 0.618033988749873
2506 0.736249105369393
2507 0.851558583130136
2508 0.963507348203427
2509 1.071653589958
2510 1.17557050458495
2511 1.27484797949739
2512 1.36909421185735
2513 1.4579372548428
2514 1.5410264855516
2515 1.61803398874989
2516 1.68865585100403
2517 1.75261336008773
2518 1.80965410493204
2519 1.85955297177651
2520 1.90211303259031
2521 1.93716632225725
2522 1.96457450145738
2523 1.98422940262895
2524 1.99605345685654
2525 2
2526 1.99605345685654
2527 1.98422940262896
2528 1.96457450145738
2529 1.93716632225727
2530 1.9021130325903
2531 1.85955297177649
2532 1.80965410493205
2533 1.75261336008773
2534 1.68865585100403
2535 1.6180339887499
2536 1.54102648555158
2537 1.45793725484285
2538 1.36909421185736
2539 1.27484797949736
2540 1.17557050458497
2541 1.07165358995801
2542 0.963507348203393
2543 0.851558583130152
2544 0.736249105369357
2545 0.61803398874989
2546 0.497379774329698
2547 0.374762629171431
2548 0.250666467128641
2549 0.125581039058653
2550 -3.7246594151904e-14
2551 -0.125581039058614
2552 -0.250666467128602
2553 -0.374762629171449
2554 -0.497379774329715
2555 -0.618033988749907
2556 -0.736249105369373
2557 -0.851558583130117
2558 -0.963507348203458
2559 -1.07165358995798
2560 -1.17557050458494
2561 -1.27484797949737
2562 -1.36909421185734
2563 -1.45793725484283
2564 -1.54102648555159
2565 -1.61803398874987
2566 -1.68865585100401
2567 -1.75261336008774
2568 -1.80965410493203
2569 -1.8595529717765
2570 -1.90211303259031
2571 -1.93716632225726
2572 -1.96457450145738
2573 -1.98422940262895
2574 -1.99605345685654
2575 -2
2576 -1.99605345685654
2577 -1.98422940262896
2578 -1.96457450145738
2579 -1.93716632225726
2580 -1.90211303259031
2581 -1.8595529717765
2582 -1.80965410493206
2583 -1.75261336008772
2584 -1.68865585100405
2585 -1.61803398874991
2586 -1.54102648555159
2587 -1.45793725484283
2588 -1.36909421185738
2589 -1.27484797949738
2590 -1.17557050458499
2591 -1.07165358995798
2592 -0.963507348203412
2593 -0.851558583130172
2594 -0.736249105369377
2595 -0.61803398874991
2596 -0.497379774329719
2597 -0.374762629171453
2598 -0.250666467128662
2599 -0.125581039058617
2600 1.56853827192715e-14
2601 0.125581039058592
2602 0.25066646712858
2603 0.374762629171484
2604 0.497379774329694
2605 0.618033988749886
2606 0.736249105369353
2607 0.851558583130149
2608 0.963507348203439
2609 1.07165358995796
2610 1.17557050458492
2611 1.2748479794974
2612 1.36909421185736
2613 1.45793725484281
2614 1.54102648555157
2615 1.61803398874989
2616 1.68865585100403
2617 1.75261336008773
2618 1.80965410493202
2619 1.85955297177651
2620 1.9021130325903
2621 1.93716632225726
2622 1.96457450145737
2623 1.98422940262895
2624 1.99605345685654
2625 2
2626 1.99605345685655
2627 1.98422940262895
2628 1.96457450145737
2629 1.93716632225727
2630 1.90211303259031
2631 1.85955297177649
2632 1.80965410493204
2633 1.75261336008773
2634 1.68865585100406
2635 1.61803398874989
2636 1.54102648555157
2637 1.45793725484285
2638 1.3690942118574
2639 1.27484797949735
2640 1.17557050458496
2641 1.071653589958
2642 0.963507348203431
2643 0.85155858313014
2644 0.736249105369344
2645 0.618033988749931
2646 0.49737977432974
2647 0.374762629171418
2648 0.250666467128627
2649 0.125581039058639
2650 5.87582871336094e-15
2651 -0.125581039058627
2652 -0.250666467128615
2653 -0.374762629171462
2654 -0.497379774329674
2655 -0.61803398874992
2656 -0.736249105369386
2657 -0.851558583130129
2658 -0.96350734820342
2659 -1.07165358995799
2660 -1.17557050458495
2661 -1.27484797949739
2662 -1.36909421185735
2663 -1.45793725484284
2664 -1.5410264855516
2665 -1.61803398874988
2666 -1.68865585100402
2667 -1.75261336008775
2668 -1.80965410493204
2669 -1.8595529717765
2670 -1.90211303259029
2671 -1.93716632225727
2672 -1.96457450145738
2673 -1.98422940262895
2674 -1.99605345685654
2675 -2
2676 -1.99605345685654
2677 -1.98422940262896
2678 -1.96457450145738
2679 -1.93716632225726
2680 -1.9021130325903
2681 -1.85955297177652
2682 -1.80965410493205
2683 -1.75261336008771
2684 -1.68865585100404
2685 -1.6180339887499
2686 -1.54102648555158
2687 -1.45793725484282
2688 -1.36909421185737
2689 -1.27484797949737
2690 -1.17557050458497
2691 -1.07165358995802
2692 -0.9635073482034
2693 -0.851558583130159
2694 -0.736249105369364
2695 -0.618033988749951
2696 -0.497379774329706
2697 -0.374762629171439
2698 -0.250666467128648
2699 -0.125581039058661
2700 2.94063787148146e-14
2701 0.125581039058606
2702 0.250666467128594
2703 0.374762629171441
2704 0.497379774329708
2705 0.618033988749899
2706 0.736249105369313
2707 0.851558583130109
2708 0.963507348203451
2709 1.07165358995797
2710 1.17557050458493
2711 1.27484797949737
2712 1.36909421185737
2713 1.45793725484282
2714 1.54102648555158
2715 1.61803398874987
2716 1.68865585100404
2717 1.75261336008774
2718 1.80965410493203
2719 1.8595529717765
2720 1.9021130325903
2721 1.93716632225726
2722 1.96457450145738
2723 1.98422940262895
2724 1.99605345685654
2725 2
2726 1.99605345685655
2727 1.98422940262896
2728 1.96457450145737
2729 1.93716632225727
2730 1.90211303259031
2731 1.85955297177652
2732 1.80965410493204
2733 1.75261336008772
2734 1.68865585100405
2735 1.61803398874991
2736 1.54102648555156
2737 1.45793725484284
2738 1.36909421185739
2739 1.27484797949738
2740 1.17557050458495
2741 1.07165358995799
2742 0.963507348203419
2743 0.851558583130179
2744 0.736249105369331
2745 0.618033988749918
2746 0.497379774329727
2747 0.37476262917146
2748 0.250666467128613
2749 0.125581039058625
2750 -7.84516728218212e-15
2751 -0.125581039058584
2752 -0.250666467128629
2753 -0.374762629171476
2754 -0.497379774329687
2755 -0.618033988749879
2756 -0.736249105369346
2757 -0.851558583130141
2758 -0.963507348203432
2759 -1.07165358995795
2760 -1.17557050458496
2761 -1.2748479794974
2762 -1.36909421185736
2763 -1.45793725484281
2764 -1.5410264855516
2765 -1.61803398874989
2766 -1.68865585100403
2767 -1.75261336008773
2768 -1.80965410493204
2769 -1.85955297177651
2770 -1.9021130325903
2771 -1.93716632225726
2772 -1.96457450145738
2773 -1.98422940262895
2774 -1.99605345685654
2775 -2
2776 -1.99605345685654
2777 -1.98422940262895
2778 -1.96457450145737
2779 -1.93716632225727
2780 -1.9021130325903
2781 -1.85955297177651
2782 -1.80965410493205
2783 -1.75261336008773
2784 -1.68865585100403
2785 -1.61803398874989
2786 -1.54102648555157
2787 -1.45793725484285
2788 -1.36909421185736
2789 -1.27484797949736
2790 -1.17557050458496
2791 -1.07165358995801
2792 -0.963507348203438
2793 -0.851558583130147
2794 -0.736249105369352
2795 -0.618033988749938
2796 -0.497379774329693
2797 -0.374762629171426
2798 -0.250666467128635
2799 -0.125581039058647
2800 4.31273747103577e-14
2801 0.125581039058619
2802 0.250666467128608
2803 0.374762629171455
2804 0.497379774329721
2805 0.618033988749912
2806 0.736249105369326
2807 0.851558583130122
2808 0.963507348203463
2809 1.07165358995798
2810 1.17557050458494
2811 1.27484797949738
2812 1.36909421185738
2813 1.45793725484283
2814 1.54102648555159
2815 1.61803398874988
2816 1.68865585100402
2817 1.75261336008772
2818 1.80965410493203
2819 1.8595529717765
2820 1.90211303259029
2821 1.93716632225726
2822 1.96457450145738
2823 1.98422940262895
2824 1.99605345685654
2825 2
2826 1.99605345685654
2827 1.98422940262896
2828 1.96457450145738
2829 1.93716632225726
2830 1.9021130325903
2831 1.85955297177652
2832 1.80965410493205
2833 1.75261336008771
2834 1.68865585100404
2835 1.61803398874991
2836 1.54102648555159
2837 1.45793725484283
2838 1.36909421185738
2839 1.27484797949737
2840 1.17557050458498
2841 1.07165358995798
2842 0.963507348203456
2843 0.851558583130166
2844 0.736249105369371
2845 0.618033988749905
2846 0.497379774329713
2847 0.374762629171447
2848 0.250666467128656
2849 0.125581039058612
2850 -2.15661632777252e-14
2851 -0.125581039058598
2852 -0.250666467128586
2853 -0.374762629171433
2854 -0.4973797743297
2855 -0.618033988749892
2856 -0.736249105369306
2857 -0.851558583130154
2858 -0.963507348203444
2859 -1.07165358995796
2860 -1.17557050458492
2861 -1.27484797949741
2862 -1.36909421185737
2863 -1.45793725484282
2864 -1.54102648555158
2865 -1.6180339887499
2866 -1.68865585100404
2867 -1.75261336008771
2868 -1.80965410493202
2869 -1.85955297177651
2870 -1.9021130325903
2871 -1.93716632225726
2872 -1.96457450145738
2873 -1.98422940262896
2874 -1.99605345685654
2875 -2
2876 -1.99605345685655
2877 -1.98422940262895
2878 -1.96457450145738
2879 -1.93716632225727
2880 -1.90211303259031
2881 -1.85955297177651
2882 -1.80965410493204
2883 -1.75261336008772
2884 -1.68865585100405
2885 -1.61803398874988
2886 -1.54102648555156
2887 -1.45793725484284
2888 -1.36909421185739
2889 -1.27484797949735
2890 -1.17557050458495
2891 -1.07165358995799
2892 -0.963507348203475
2893 -0.851558583130134
2894 -0.736249105369339
2895 -0.618033988749925
2896 -0.497379774329734
2897 -0.374762629171412
2898 -0.250666467128621
2899 -0.125581039058633
2900 4.95184509270686e-18
2901 0.125581039058633
2902 0.250666467128621
2903 0.374762629171412
2904 0.497379774329679
2905 0.618033988749925
2906 0.736249105369339
2907 0.851558583130134
2908 0.963507348203426
2909 1.07165358995799
2910 1.17557050458495
2911 1.27484797949739
2912 1.36909421185735
2913 1.45793725484284
2914 1.54102648555156
2915 1.61803398874988
2916 1.68865585100402
2917 1.75261336008772
2918 1.80965410493204
2919 1.85955297177651
2920 1.90211303259029
2921 1.93716632225727
2922 1.96457450145738
2923 1.98422940262895
2924 1.99605345685654
2925 2
2926 1.99605345685654
2927 1.98422940262896
2928 1.96457450145739
2929 1.93716632225726
2930 1.9021130325903
2931 1.85955297177651
2932 1.80965410493205
2933 1.75261336008771
2934 1.68865585100404
2935 1.6180339887499
2936 1.54102648555158
2937 1.45793725484282
2938 1.36909421185737
2939 1.27484797949741
2940 1.17557050458497
2941 1.07165358995796
2942 0.963507348203444
2943 0.851558583130154
2944 0.736249105369359
2945 0.618033988749946
2946 0.4973797743297
2947 0.374762629171433
2948 0.250666467128643
2949 0.125581039058655
2950 -3.52871592732682e-14
2951 -0.125581039058612
2952 -0.2506664671286
2953 -0.374762629171391
2954 -0.497379774329713
2955 -0.618033988749905
2956 -0.736249105369319
2957 -0.851558583130115
2958 -0.963507348203456
2959 -1.07165358995798
2960 -1.17557050458493
2961 -1.27484797949737
2962 -1.36909421185738
2963 -1.45793725484283
2964 -1.54102648555155
2965 -1.61803398874987
2966 -1.68865585100404
2967 -1.75261336008771
2968 -1.80965410493203
2969 -1.8595529717765
2970 -1.9021130325903
2971 -1.93716632225726
2972 -1.96457450145738
2973 -1.98422940262895
2974 -1.99605345685654
2975 -2
2976 -1.99605345685654
2977 -1.98422940262896
2978 -1.96457450145738
2979 -1.93716632225726
2980 -1.90211303259031
2981 -1.85955297177652
2982 -1.80965410493203
2983 -1.75261336008772
2984 -1.68865585100405
2985 -1.61803398874991
2986 -1.54102648555155
2987 -1.45793725484283
2988 -1.36909421185738
2989 -1.27484797949742
2990 -1.17557050458494
2991 -1.07165358995798
2992 -0.963507348203463
2993 -0.851558583130173
2994 -0.736249105369326
2995 -0.618033988749912
2996 -0.497379774329721
2997 -0.374762629171455
2998 -0.250666467128608
2999 -0.125581039058619
