0
0
500
0 0
1 0.0627905195293134
2 0.125333233564304
3 0.187381314585725
4 0.248689887164855
5 0.309016994374947
6 0.368124552684678
7 0.425779291565073
8 0.481753674101715
9 0.535826794978997
10 0.587785252292473
11 0.63742398974869
12 0.684547105928689
13 0.728968627421412
14 0.770513242775789
15 0.809016994374947
16 0.844327925502015
17 0.876306680043864
18 0.90482705246602
19 0.929776485888251
20 0.951056516295154
21 0.968583161128631
22 0.982287250728689
23 0.992114701314478
24 0.998026728428272
25 1
26 0.998026728428272
27 0.992114701314478
28 0.982287250728689
29 0.968583161128631
30 0.951056516295154
31 0.929776485888251
32 0.904827052466019
33 0.876306680043863
34 0.844327925502015
35 0.809016994374947
36 0.770513242775789
37 0.728968627421412
38 0.684547105928689
39 0.63742398974869
40 0.587785252292473
41 0.535826794978997
42 0.481753674101715
43 0.425779291565072
44 0.368124552684678
45 0.309016994374948
46 0.248689887164855
47 0.187381314585725
48 0.125333233564304
49 0.0627905195293136
50 1.22464679914735e-16
51 -0.0627905195293133
52 -0.125333233564304
53 -0.187381314585724
54 -0.248689887164855
55 -0.309016994374947
56 -0.368124552684678
57 -0.425779291565073
58 -0.481753674101715
59 -0.535826794978997
60 -0.587785252292473
61 -0.63742398974869
62 -0.684547105928689
63 -0.728968627421411
64 -0.770513242775789
65 -0.809016994374947
66 -0.844327925502015
67 -0.876306680043864
68 -0.90482705246602
69 -0.929776485888251
70 -0.951056516295154
71 -0.968583161128631
72 -0.982287250728689
73 -0.992114701314478
74 -0.998026728428272
75 -1
76 -0.998026728428272
77 -0.992114701314478
78 -0.982287250728689
79 -0.968583161128631
80 -0.951056516295154
81 -0.929776485888251
82 -0.90482705246602
83 -0.876306680043863
84 -0.844327925502015
85 -0.809016994374948
86 -0.770513242775789
87 -0.728968627421412
88 -0.684547105928689
89 -0.63742398974869
90 -0.587785252292473
91 -0.535826794978997
92 -0.481753674101715
93 -0.425779291565073
94 -0.368124552684678
95 -0.309016994374948
96 -0.248689887164854
97 -0.187381314585725
98 -0.125333233564305
99 -0.0627905195293133
100 -2.44929359829471e-16
101 0.0627905195293137
102 0.125333233564304
103 0.187381314585725
104 0.248689887164855
105 0.309016994374947
106 0.368124552684677
107 0.425779291565073
108 0.481753674101715
109 0.535826794978997
110 0.587785252292473
111 0.63742398974869
112 0.684547105928689
113 0.728968627421411
114 0.770513242775789
115 0.809016994374947
116 0.844327925502015
117 0.876306680043864
118 0.90482705246602
119 0.929776485888251
120 0.951056516295154
121 0.968583161128631
122 0.982287250728689
123 0.992114701314478
124 0.998026728428272
125 1
126 0.998026728428272
127 0.992114701314478
128 0.982287250728689
129 0.968583161128631
130 0.951056516295154
131 0.929776485888252
132 0.904827052466019
133 0.876306680043863
134 0.844327925502015
135 0.809016994374948
136 0.770513242775789
137 0.728968627421411
138 0.684547105928688
139 0.63742398974869
140 0.587785252292473
141 0.535826794978996
142 0.481753674101715
143 0.425779291565072
144 0.368124552684678
145 0.309016994374948
146 0.248689887164855
147 0.187381314585726
148 0.125333233564306
149 0.0627905195293134
150 3.67394039744206e-16
151 -0.0627905195293127
152 -0.125333233564303
153 -0.187381314585723
154 -0.248689887164855
155 -0.309016994374947
156 -0.368124552684677
157 -0.425779291565072
158 -0.481753674101716
159 -0.535826794978997
160 -0.587785252292473
161 -0.637423989748689
162 -0.684547105928689
163 -0.728968627421412
164 -0.770513242775789
165 -0.809016994374947
166 -0.844327925502016
167 -0.876306680043864
168 -0.90482705246602
169 -0.929776485888251
170 -0.951056516295153
171 -0.968583161128631
172 -0.982287250728689
173 -0.992114701314478
174 -0.998026728428272
175 -1
176 -0.998026728428272
177 -0.992114701314478
178 -0.982287250728689
179 -0.968583161128631
180 -0.951056516295154
181 -0.929776485888252
182 -0.90482705246602
183 -0.876306680043864
184 -0.844327925502015
185 -0.809016994374948
186 -0.77051324277579
187 -0.728968627421412
188 -0.684547105928689
189 -0.63742398974869
190 -0.587785252292473
191 -0.535826794978997
192 -0.481753674101715
193 -0.425779291565072
194 -0.368124552684678
195 -0.309016994374948
196 -0.248689887164856
197 -0.187381314585724
198 -0.125333233564304
199 -0.0627905195293135
200 -4.89858719658941e-16
201 0.0627905195293143
202 0.125333233564305
203 0.187381314585725
204 0.248689887164855
205 0.309016994374949
206 0.368124552684679
207 0.425779291565073
208 0.481753674101715
209 0.535826794978995
210 0.587785252292473
211 0.637423989748689
212 0.684547105928688
213 0.72896862742141
214 0.770513242775789
215 0.809016994374947
216 0.844327925502015
217 0.876306680043863
218 0.90482705246602
219 0.929776485888251
220 0.951056516295153
221 0.968583161128631
222 0.982287250728689
223 0.992114701314478
224 0.998026728428272
225 1
226 0.998026728428272
227 0.992114701314478
228 0.982287250728689
229 0.968583161128631
230 0.951056516295154
231 0.929776485888251
232 0.904827052466019
233 0.876306680043863
234 0.844327925502015
235 0.809016994374947
236 0.770513242775789
237 0.728968627421411
238 0.684547105928689
239 0.63742398974869
240 0.587785252292474
241 0.535826794978997
242 0.481753674101716
243 0.425779291565074
244 0.368124552684678
245 0.309016994374948
246 0.248689887164856
247 0.187381314585726
248 0.125333233564304
249 0.0627905195293136
250 6.12323399573677e-16
251 -0.0627905195293124
252 -0.125333233564303
253 -0.187381314585725
254 -0.248689887164855
255 -0.309016994374949
256 -0.368124552684679
257 -0.425779291565073
258 -0.481753674101715
259 -0.535826794978996
260 -0.587785252292473
261 -0.637423989748689
262 -0.684547105928688
263 -0.728968627421413
264 -0.77051324277579
265 -0.809016994374948
266 -0.844327925502016
267 -0.876306680043864
268 -0.90482705246602
269 -0.929776485888251
270 -0.951056516295153
271 -0.968583161128631
272 -0.982287250728689
273 -0.992114701314478
274 -0.998026728428272
275 -1
276 -0.998026728428272
277 -0.992114701314478
278 -0.982287250728689
279 -0.968583161128631
280 -0.951056516295154
281 -0.92977648588825
282 -0.904827052466019
283 -0.876306680043863
284 -0.844327925502014
285 -0.809016994374947
286 -0.770513242775789
287 -0.728968627421411
288 -0.684547105928689
289 -0.63742398974869
290 -0.587785252292474
291 -0.535826794978998
292 -0.481753674101717
293 -0.425779291565074
294 -0.36812455268468
295 -0.30901699437495
296 -0.248689887164858
297 -0.187381314585728
298 -0.125333233564304
299 -0.0627905195293137
300 -7.34788079488412e-16
301 0.0627905195293123
302 0.125333233564303
303 0.187381314585723
304 0.248689887164853
305 0.309016994374945
306 0.368124552684675
307 0.425779291565073
308 0.481753674101715
309 0.535826794978996
310 0.587785252292472
311 0.637423989748689
312 0.684547105928688
313 0.72896862742141
314 0.770513242775788
315 0.809016994374948
316 0.844327925502015
317 0.876306680043864
318 0.904827052466019
319 0.929776485888251
320 0.951056516295153
321 0.968583161128631
322 0.982287250728688
323 0.992114701314478
324 0.998026728428272
325 1
326 0.998026728428272
327 0.992114701314478
328 0.982287250728689
329 0.968583161128631
330 0.951056516295154
331 0.929776485888252
332 0.904827052466019
333 0.876306680043863
334 0.844327925502014
335 0.809016994374947
336 0.770513242775789
337 0.728968627421411
338 0.684547105928689
339 0.63742398974869
340 0.587785252292474
341 0.535826794978995
342 0.481753674101713
343 0.425779291565071
344 0.368124552684677
345 0.309016994374947
346 0.248689887164854
347 0.187381314585724
348 0.125333233564304
349 0.0627905195293139
350 -2.69546091939735e-15
351 -0.0627905195293157
352 -0.125333233564303
353 -0.187381314585723
354 -0.248689887164853
355 -0.309016994374945
356 -0.368124552684675
357 -0.42577929156507
358 -0.481753674101715
359 -0.535826794978996
360 -0.587785252292472
361 -0.637423989748689
362 -0.684547105928688
363 -0.72896862742141
364 -0.770513242775788
365 -0.809016994374946
366 -0.844327925502013
367 -0.876306680043864
368 -0.904827052466019
369 -0.929776485888251
370 -0.951056516295153
371 -0.968583161128631
372 -0.982287250728688
373 -0.992114701314478
374 -0.998026728428271
375 -1
376 -0.998026728428272
377 -0.992114701314478
378 -0.982287250728689
379 -0.968583161128631
380 -0.951056516295154
381 -0.929776485888252
382 -0.90482705246602
383 -0.876306680043865
384 -0.844327925502014
385 -0.809016994374947
386 -0.770513242775789
387 -0.728968627421411
388 -0.684547105928689
389 -0.63742398974869
390 -0.587785252292474
391 -0.535826794978998
392 -0.481753674101717
393 -0.425779291565071
394 -0.368124552684677
395 -0.309016994374947
396 -0.248689887164854
397 -0.187381314585725
398 -0.125333233564305
399 -0.062790519529314
400 -9.79717439317883e-16
401 0.0627905195293156
402 0.125333233564306
403 0.187381314585726
404 0.248689887164856
405 0.309016994374948
406 0.368124552684678
407 0.425779291565073
408 0.481753674101715
409 0.535826794978996
410 0.587785252292475
411 0.637423989748691
412 0.68454710592869
413 0.728968627421413
414 0.77051324277579
415 0.809016994374948
416 0.844327925502015
417 0.876306680043862
418 0.904827052466018
419 0.929776485888251
420 0.951056516295153
421 0.968583161128631
422 0.982287250728688
423 0.992114701314478
424 0.998026728428271
425 1
426 0.998026728428272
427 0.992114701314478
428 0.982287250728689
429 0.968583161128631
430 0.951056516295154
431 0.929776485888252
432 0.90482705246602
433 0.876306680043865
434 0.844327925502016
435 0.809016994374949
436 0.770513242775789
437 0.728968627421412
438 0.684547105928689
439 0.63742398974869
440 0.587785252292474
441 0.535826794978998
442 0.481753674101717
443 0.425779291565075
444 0.368124552684677
445 0.309016994374947
446 0.248689887164854
447 0.187381314585725
448 0.125333233564305
449 0.0627905195293141
450 1.10218211923262e-15
451 -0.0627905195293119
452 -0.125333233564302
453 -0.187381314585726
454 -0.248689887164856
455 -0.309016994374948
456 -0.368124552684678
457 -0.425779291565073
458 -0.481753674101715
459 -0.535826794978996
460 -0.587785252292472
461 -0.637423989748689
462 -0.68454710592869
463 -0.728968627421412
464 -0.77051324277579
465 -0.809016994374948
466 -0.844327925502015
467 -0.876306680043864
468 -0.904827052466019
469 -0.929776485888251
470 -0.951056516295154
471 -0.968583161128632
472 -0.982287250728689
473 -0.992114701314478
474 -0.998026728428272
475 -1
476 -0.998026728428272
477 -0.992114701314478
478 -0.982287250728689
479 -0.96858316112863
480 -0.951056516295154
481 -0.929776485888252
482 -0.90482705246602
483 -0.876306680043865
484 -0.844327925502017
485 -0.809016994374949
486 -0.770513242775791
487 -0.728968627421414
488 -0.684547105928689
489 -0.63742398974869
490 -0.587785252292474
491 -0.535826794978998
492 -0.481753674101717
493 -0.425779291565075
494 -0.36812455268468
495 -0.30901699437495
496 -0.248689887164855
497 -0.187381314585725
498 -0.125333233564305
499 -0.0627905195293142
